0 0.065500 0.702128 0.121000 0.303742
1 0.422500 0.064563 0.040500 0.066031
0 0.321000 0.059428 0.058000 0.069699
0 0.053000 0.020543 0.054000 0.040352
0 0.257500 0.173147 0.054000 0.081438
0 0.346000 0.184886 0.068000 0.100514
1 0.587500 0.207630 0.041000 0.070433
1 0.550000 0.264123 0.060000 0.084373
0 0.687000 0.143067 0.056500 0.094644
0 0.825000 0.196625 0.047000 0.080704
0 0.775500 0.478357 0.083500 0.104916
0 0.931500 0.354365 0.061000 0.082905
0 0.495000 0.416728 0.068500 0.112252