1 0.990234 0.558594 0.018555 0.057292
1 0.960938 0.473958 0.030273 0.045573
1 0.954102 0.605469 0.039063 0.059896
1 0.935547 0.550781 0.030273 0.050781
1 0.901367 0.520833 0.031250 0.045573
1 0.909180 0.480469 0.026367 0.040365
1 0.867188 0.489583 0.030273 0.040365
1 0.857422 0.601563 0.034180 0.055990
1 0.897461 0.574219 0.034180 0.058594
1 0.844727 0.546875 0.034180 0.054688
1 0.801758 0.549479 0.035156 0.055990
1 0.786133 0.509115 0.029297 0.046875
1 0.789063 0.462240 0.027344 0.040365
1 0.737305 0.479167 0.027344 0.045573
1 0.761719 0.548177 0.033203 0.053385
1 0.712891 0.598958 0.035156 0.053385
1 0.696289 0.545573 0.032227 0.049479
1 0.671875 0.593750 0.034180 0.063802
1 0.653320 0.529948 0.033203 0.055990
1 0.611328 0.479167 0.029297 0.050781
1 0.610352 0.536458 0.032227 0.054688
1 0.580078 0.569010 0.035156 0.061198
1 0.538086 0.609375 0.036133 0.054688
1 0.491211 0.561198 0.031250 0.050781
1 0.538086 0.514323 0.031250 0.048177
1 0.568359 0.516927 0.025391 0.042969
1 0.501953 0.522135 0.027344 0.048177
1 0.446289 0.579427 0.033203 0.057292
1 0.454102 0.523438 0.025391 0.045573
1 0.465820 0.490885 0.027344 0.049479
1 0.424805 0.497396 0.027344 0.049479
1 0.399414 0.563802 0.033203 0.052083
1 0.357422 0.582031 0.038086 0.054688
1 0.366211 0.528646 0.030273 0.052083
1 0.333008 0.496094 0.029297 0.042969
1 0.311523 0.559896 0.032227 0.054688
1 0.296875 0.507813 0.034180 0.050781
1 0.250977 0.470052 0.027344 0.039063
1 0.255859 0.515625 0.021484 0.048177
1 0.237305 0.524740 0.031250 0.041667
1 0.220703 0.572917 0.033203 0.053385
1 0.176758 0.589844 0.037109 0.057292
1 0.212891 0.473958 0.029297 0.039063
1 0.174805 0.518229 0.029297 0.048177
1 0.136719 0.554688 0.031250 0.053385
1 0.131836 0.477865 0.031250 0.042969
1 0.093750 0.555990 0.032227 0.048177
1 0.089844 0.630208 0.035156 0.048177
1 0.041016 0.540365 0.037109 0.054688
1 0.065430 0.480469 0.031250 0.050781
1 0.008789 0.601563 0.018555 0.062500
1 0.011719 0.526042 0.024414 0.041667
1 0.277344 0.593750 0.037109 0.053385