0 0.542829 0.582960 0.099602 0.150972
0 0.030876 0.443946 0.019920 0.034380
0 0.126494 0.478326 0.008964 0.032885
0 0.238048 0.470852 0.012948 0.029895
0 0.270916 0.458894 0.021912 0.032885
0 0.375498 0.478326 0.014940 0.035874
1 0.346614 0.448430 0.022908 0.037369
0 0.431275 0.449925 0.016932 0.037369
0 0.492032 0.457399 0.019920 0.038864
0 0.652390 0.466368 0.015936 0.037369
0 0.694223 0.449925 0.009960 0.031390
0 0.736056 0.476831 0.013944 0.031390
0 0.870518 0.333333 0.016932 0.022422
0 0.937251 0.455904 0.007968 0.026906
1 0.885458 0.451420 0.016932 0.034380
0 0.888446 0.397608 0.015936 0.026906