1 0.131714 0.912453 0.046000 0.068352
1 0.029429 0.678371 0.040286 0.064139
1 0.150571 0.685861 0.038571 0.066011
1 0.043429 0.575375 0.033714 0.058521
1 0.164286 0.534644 0.043143 0.064607
1 0.057714 0.438670 0.036000 0.059925
1 0.163429 0.441948 0.034857 0.040730
1 0.202286 0.386704 0.034000 0.051498
1 0.064857 0.290262 0.032571 0.052434
1 0.097714 0.241573 0.026286 0.040730
1 0.210857 0.259831 0.035143 0.057584
1 0.118857 0.117041 0.032000 0.047753
1 0.208571 0.132959 0.033143 0.055243
1 0.227714 0.066479 0.030571 0.046816
1 0.395714 0.124532 0.017714 0.041667
0 0.470857 0.109551 0.020571 0.044007
0 0.516857 0.096910 0.022571 0.042603
1 0.454286 0.143727 0.028571 0.044476
1 0.457714 0.202247 0.026571 0.044476
0 0.437714 0.301966 0.029429 0.041667
1 0.474000 0.352060 0.020571 0.047753
1 0.453429 0.403558 0.022000 0.047753
1 0.456000 0.491105 0.031143 0.053371
1 0.432286 0.584270 0.037714 0.054307
1 0.466857 0.658708 0.032571 0.044944
1 0.475714 0.841292 0.034286 0.039326
1 0.492000 0.933989 0.041714 0.066011
1 0.461714 0.918071 0.015714 0.046816
0 0.522571 0.445693 0.031143 0.050094
1 0.553143 0.487360 0.035429 0.060861
1 0.561714 0.391854 0.033714 0.052903
1 0.534286 0.386236 0.025143 0.047753
1 0.525429 0.208801 0.017429 0.039326
1 0.546000 0.231273 0.028571 0.048221
1 0.581143 0.110019 0.026571 0.046816
1 0.588571 0.251404 0.029143 0.046348
1 0.636286 0.241573 0.024571 0.039794
1 0.638286 0.348783 0.033714 0.050094
1 0.616000 0.527154 0.029143 0.038390
1 0.562000 0.672285 0.027714 0.056648
1 0.598571 0.722846 0.036000 0.059925
1 0.642857 0.719569 0.033714 0.057584
1 0.649429 0.551498 0.033714 0.058989
1 0.638571 0.944757 0.029143 0.060861
1 0.617714 0.154494 0.027714 0.040262
1 0.657429 0.125000 0.019143 0.037921
1 0.648000 0.071629 0.024286 0.031367
1 0.714571 0.098783 0.021714 0.034644
1 0.689714 0.131554 0.025143 0.031367
1 0.719143 0.175094 0.028571 0.037921
1 0.706000 0.277154 0.033714 0.044007
1 0.729143 0.255618 0.012571 0.045880
1 0.700286 0.375000 0.033143 0.041667
1 0.730286 0.422753 0.033143 0.051966
1 0.755143 0.430243 0.016571 0.042135
1 0.742571 0.532303 0.033714 0.051030
1 0.734857 0.671348 0.037143 0.044007
1 0.768857 0.806180 0.036000 0.054307
1 0.785429 0.878277 0.022857 0.034644
1 0.802000 0.971910 0.034571 0.055712
1 0.759429 0.101592 0.017143 0.028558