0 0.084028 0.265909 0.047222 0.090909
0 0.166667 0.315909 0.047222 0.084091
0 0.354167 0.298864 0.048611 0.092045
0 0.301389 0.235227 0.029167 0.060227
0 0.370833 0.232955 0.029167 0.046591
0 0.406944 0.279545 0.043056 0.065909
0 0.433333 0.252273 0.018750 0.055682
0 0.456250 0.476136 0.047222 0.087500
0 0.479167 0.272727 0.031250 0.057955
0 0.527083 0.267045 0.029861 0.065909
0 0.561111 0.279545 0.043750 0.079545
0 0.614583 0.306818 0.038889 0.072727
0 0.652778 0.331818 0.047222 0.089773
0 0.713889 0.355682 0.054861 0.098864
0 0.719444 0.213636 0.029167 0.070455
0 0.768750 0.259091 0.042361 0.072727
1 0.809722 0.257955 0.038889 0.057955
0 0.883333 0.238636 0.041667 0.070455
0 0.939583 0.256818 0.047222 0.081818
0 0.840972 0.254545 0.023611 0.046591