0 0.040972 0.882955 0.067361 0.114773
0 0.125694 0.785227 0.065278 0.110227
0 0.167361 0.715909 0.050694 0.095455
1 0.095139 0.478409 0.044444 0.071591
0 0.084028 0.354545 0.038889 0.088636
0 0.025694 0.319318 0.036111 0.073864
1 0.081250 0.046591 0.048611 0.079545
0 0.297222 0.073864 0.053472 0.082955
0 0.259028 0.269318 0.053472 0.071591
0 0.263889 0.497727 0.046528 0.090909
0 0.374306 0.928409 0.070833 0.104545
0 0.518056 0.747727 0.064583 0.080682
0 0.565278 0.826136 0.071528 0.102273
0 0.497222 0.430682 0.057639 0.090909
0 0.483333 0.277273 0.062500 0.086364
0 0.490278 0.148864 0.056944 0.073864
0 0.640972 0.493182 0.048611 0.081818
0 0.660417 0.272727 0.052778 0.090909
0 0.747222 0.268182 0.057639 0.094318
0 0.933333 0.644318 0.069444 0.075000
0 0.893056 0.346591 0.061111 0.082955
0 0.822222 0.202273 0.046528 0.072727
0 0.820139 0.089773 0.045139 0.063636