1 0.149000 0.843416 0.117000 0.213523
1 0.064000 0.588968 0.103000 0.138790
0 0.044000 0.389680 0.081000 0.097865
0 0.140000 0.370107 0.089000 0.167260
0 0.208000 0.345196 0.041000 0.083630
1 0.275000 0.412811 0.094000 0.172598
0 0.345000 0.679715 0.113000 0.192171
0 0.443000 0.647687 0.086000 0.144128
0 0.587000 0.638790 0.133000 0.229537
0 0.497000 0.443060 0.042000 0.145907
1 0.358000 0.362989 0.065000 0.133452
0 0.453000 0.311388 0.070000 0.124555
1 0.583000 0.281139 0.062000 0.113879
1 0.211000 0.185053 0.054000 0.099644
0 0.174000 0.204626 0.035000 0.083630
0 0.122000 0.138790 0.041000 0.074733
0 0.030000 0.208185 0.058000 0.117438
0 0.073000 0.199288 0.037000 0.074733
0 0.195000 0.042705 0.027000 0.048043
0 0.244000 0.119217 0.022000 0.046263
0 0.263000 0.188612 0.043000 0.083630
0 0.410000 0.320285 0.040000 0.103203
0 0.380000 0.215302 0.038000 0.062278
0 0.334000 0.163701 0.037000 0.058719
0 0.376000 0.156584 0.043000 0.056940
0 0.333000 0.055160 0.026000 0.055160
0 0.292000 0.060498 0.011000 0.039146
0 0.395000 0.080071 0.023000 0.046263
0 0.412000 0.115658 0.030000 0.046263
1 0.479000 0.122776 0.038000 0.072954
0 0.512000 0.208185 0.042000 0.092527
0 0.504000 0.279359 0.041000 0.085409
0 0.516000 0.049822 0.013000 0.051601
0 0.578000 0.058719 0.022000 0.040925
0 0.636000 0.040925 0.027000 0.053381
0 0.655000 0.169039 0.044000 0.076512
1 0.626000 0.270463 0.026000 0.094306
0 0.680000 0.377224 0.062000 0.103203
0 0.687000 0.181495 0.028000 0.071174
1 0.698000 0.060498 0.021000 0.044484
0 0.681000 0.523132 0.028000 0.076512
0 0.748000 0.578292 0.082000 0.172598
0 0.816000 0.774021 0.123000 0.247331
0 0.848000 0.281139 0.060000 0.113879
1 0.955000 0.320285 0.025000 0.099644
0 0.895000 0.261566 0.034000 0.101423
0 0.740000 0.359431 0.052000 0.074733
0 0.796000 0.211744 0.049000 0.083630
0 0.780000 0.112100 0.045000 0.087189
0 0.827000 0.088968 0.030000 0.081851
0 0.912000 0.128114 0.020000 0.060498