0 0.194336 0.449653 0.079102 0.145833
1 0.390625 0.614583 0.141602 0.295139
0 0.090820 0.342014 0.061523 0.118056
0 0.165039 0.178819 0.045898 0.102431
1 0.220703 0.329861 0.053711 0.092014
0 0.281250 0.262153 0.051758 0.079861
0 0.348633 0.239583 0.061523 0.086806
0 0.426758 0.286458 0.048828 0.081597
0 0.472656 0.357639 0.058594 0.107639
0 0.545898 0.368056 0.067383 0.085069
1 0.462891 0.171875 0.036133 0.071181
0 0.379883 0.097222 0.022461 0.043403
0 0.465820 0.079861 0.023438 0.043403
0 0.675781 0.456597 0.091797 0.154514
0 0.129883 0.203125 0.036133 0.083333
0 0.265625 0.182292 0.044922 0.067708
0 0.576172 0.057292 0.015625 0.031250
0 0.797852 0.904514 0.068359 0.190972
0 0.839844 0.541667 0.086914 0.171875
0 0.825195 0.286458 0.067383 0.102431
0 0.817383 0.425347 0.037109 0.092014
0 0.777344 0.210069 0.043945 0.100694
0 0.869141 0.173611 0.034180 0.067708