0 0.090000 0.301349 0.056000 0.086957
0 0.243000 0.358321 0.048000 0.073463
0 0.345000 0.269865 0.052000 0.085457
0 0.368000 0.683658 0.102000 0.197901
0 0.409000 0.476762 0.086000 0.131934
0 0.534000 0.254873 0.030000 0.059970
0 0.616000 0.434783 0.090000 0.154423
0 0.674000 0.205397 0.034000 0.068966
0 0.696000 0.305847 0.045000 0.074963
0 0.772000 0.449775 0.057000 0.094453
0 0.793000 0.280360 0.052000 0.080960
0 0.892000 0.527736 0.116000 0.164918
0 0.930000 0.212894 0.038000 0.059970
0 0.874000 0.214393 0.040000 0.064468
0 0.028000 0.610195 0.055000 0.115442