0 0.1984375 0.07916666666666666 0.01015625 0.022222222222222223
0 0.2171875 0.08194444444444444 0.01171875 0.027777777777777776
0 0.25625 0.07361111111111111 0.01328125 0.030555555555555555
0 0.32421875 0.05555555555555555 0.02578125 0.058333333333333334
0 0.30234375 0.14305555555555555 0.03046875 0.03611111111111111
0 0.15 0.09444444444444444 0.028125 0.06111111111111111
0 0.45234375 0.11666666666666667 0.01796875 0.0625
0 0.503125 0.13194444444444445 0.03828125 0.08472222222222223
0 0.59453125 0.19722222222222222 0.0140625 0.02361111111111111
0 0.69609375 0.125 0.03984375 0.0763888888888889
0 0.87578125 0.14583333333333334 0.03671875 0.09444444444444444