1 0.02125 0.215 0.035 0.06166666666666667
1 0.0675 0.18666666666666668 0.0475 0.07166666666666667
1 0.13 0.18 0.03125 0.05333333333333334
1 0.135 0.235 0.0225 0.075
1 0.06375 0.39166666666666666 0.0325 0.06166666666666667
0 0.09375 0.5133333333333333 0.0575 0.09666666666666666
0 0.14625 0.6233333333333333 0.06125 0.105
1 0.28375 0.9533333333333334 0.08375 0.09166666666666666
1 0.28375 0.04833333333333333 0.02875 0.05
1 0.29625 0.16333333333333333 0.04125 0.07
1 0.34875 0.205 0.0325 0.07333333333333333
1 0.38125 0.22 0.03 0.07333333333333333
1 0.2625 0.37833333333333335 0.0425 0.065
0 0.33375 0.5366666666666666 0.0475 0.09166666666666666
0 0.415 0.5316666666666666 0.0425 0.08833333333333333
1 0.4975 0.20666666666666667 0.03375 0.055
1 0.5325 0.20833333333333334 0.02875 0.06
0 0.58625 0.26 0.03 0.09666666666666666
1 0.67375 0.13 0.045 0.09166666666666666
1 0.75625 0.16 0.035 0.06333333333333334
0 0.885 0.15666666666666668 0.05375 0.08833333333333333
0 0.87125 0.31166666666666665 0.05 0.115
1 0.28625 0.051666666666666666 0.03375 0.04