0 0.053906 0.131944 0.071094 0.133333
0 0.172656 0.151389 0.083594 0.141667
0 0.189844 0.415278 0.085938 0.151389
0 0.105469 0.755556 0.078125 0.138889
0 0.315625 0.461111 0.086719 0.165278
0 0.297656 0.812500 0.079687 0.118056
0 0.517969 0.615278 0.088281 0.177778
0 0.531250 0.902778 0.081250 0.162500
0 0.600000 0.568056 0.075781 0.147222
0 0.734375 0.776389 0.078125 0.162500
0 0.846094 0.319444 0.079687 0.154167
0 0.970313 0.181944 0.057813 0.120833
0 0.966406 0.423611 0.067187 0.148611
0 0.837500 0.623611 0.078125 0.159722
0 0.944531 0.711111 0.091406 0.162500
0 0.814844 0.923611 0.086719 0.151389