0 0.117593 0.440066 0.139815 0.254516
0 0.431481 0.628900 0.118519 0.249589
0 0.535185 0.752053 0.073148 0.188834
0 0.662963 0.789819 0.125926 0.228243
0 0.814815 0.715928 0.088889 0.201970
0 0.653704 0.364532 0.064815 0.144499
0 0.719444 0.320197 0.063889 0.119869
0 0.510185 0.264368 0.044444 0.108374
0 0.557407 0.198686 0.050926 0.096880
0 0.475000 0.334975 0.065741 0.095238
0 0.596296 0.078818 0.039815 0.068966
0 0.681481 0.052545 0.037963 0.060755
0 0.533333 0.062397 0.036111 0.064039