0 0.083810 0.265651 0.047619 0.096447
0 0.168571 0.319797 0.046667 0.089679
0 0.350476 0.296108 0.057143 0.103215
0 0.404762 0.280880 0.042857 0.086294
0 0.450476 0.512690 0.056190 0.103215
0 0.478095 0.272420 0.030476 0.065990
0 0.527619 0.263959 0.028571 0.084602
0 0.560000 0.275804 0.041905 0.094755
0 0.612381 0.309645 0.038095 0.081218
0 0.650476 0.346870 0.041905 0.094755
0 0.714286 0.368866 0.056190 0.111675
0 0.765714 0.253807 0.035238 0.077834
1 0.808571 0.255499 0.043810 0.059222
0 0.881905 0.230118 0.044762 0.082910
0 0.939048 0.253807 0.048571 0.091371
0 0.367619 0.230118 0.037143 0.065990
0 0.299048 0.230118 0.037143 0.060914