1 0.074219 0.305990 0.013672 0.022135
1 0.115234 0.300781 0.010742 0.020833
1 0.172852 0.367188 0.011719 0.023438
1 0.253906 0.298177 0.028320 0.046875
1 0.307617 0.273438 0.022461 0.041667
1 0.378906 0.289063 0.023438 0.032552
1 0.448242 0.389323 0.024414 0.032552
1 0.515625 0.377604 0.027344 0.036458
1 0.551758 0.419271 0.018555 0.037760
1 0.583008 0.378906 0.023438 0.041667
1 0.663086 0.394531 0.020508 0.031250
1 0.813477 0.358073 0.016602 0.029948
1 0.849609 0.393229 0.020508 0.037760
1 0.896484 0.450521 0.030273 0.052083
1 0.889648 0.384115 0.014648 0.048177