0 0.122656 0.533411 0.133594 0.214537
0 0.431250 0.685815 0.132031 0.202814
0 0.537500 0.793669 0.071875 0.162954
0 0.667188 0.819461 0.124219 0.202814
0 0.816406 0.758499 0.092969 0.158265
0 0.653906 0.463072 0.067969 0.120750
0 0.719531 0.423212 0.067969 0.109027
0 0.507813 0.378664 0.047656 0.086753
0 0.560937 0.325909 0.056250 0.085580
0 0.597656 0.216882 0.037500 0.066823
0 0.680469 0.196952 0.036719 0.058617
0 0.535156 0.202814 0.037500 0.060961
0 0.579688 0.155920 0.029687 0.042204
0 0.646875 0.143025 0.035156 0.045721
0 0.739844 0.132474 0.034375 0.038687
0 0.914844 0.132474 0.025000 0.030481