0 0.045833 0.484615 0.019167 0.046154
0 0.133333 0.547692 0.035833 0.066154
0 0.182500 0.527692 0.058333 0.118462
0 0.230000 0.501538 0.033333 0.067692
0 0.320833 0.676923 0.060000 0.109231
0 0.046667 0.418462 0.013333 0.023077
0 0.092500 0.418462 0.015000 0.027692
0 0.116667 0.424615 0.020833 0.035385
0 0.140000 0.423077 0.018333 0.030769
0 0.295833 0.432308 0.024167 0.050769
0 0.320000 0.450769 0.017500 0.033846
0 0.335000 0.510769 0.026667 0.044615
0 0.357500 0.409231 0.015000 0.033846
0 0.442500 0.473846 0.027500 0.040000
0 0.421667 0.644615 0.030000 0.047692
0 0.495833 0.464615 0.019167 0.060000
0 0.536667 0.500000 0.030833 0.066154
0 0.525000 0.623077 0.041667 0.133846
0 0.463333 0.373846 0.017500 0.035385
0 0.421667 0.380000 0.020833 0.036923
0 0.640833 0.504615 0.040833 0.066154
0 0.576667 0.435385 0.023333 0.033846
0 0.677500 0.367692 0.015000 0.033846
0 0.664167 0.329231 0.015000 0.029231
0 0.777500 0.695385 0.131667 0.249231
0 0.959167 0.416923 0.040000 0.092308
0 0.872500 0.449231 0.025833 0.050769
0 0.075000 0.596923 0.017500 0.040000
0 0.063333 0.410769 0.013333 0.027692