1 0.123729 0.300971 0.065254 0.134304
1 0.188136 0.428803 0.062712 0.103560
1 0.193220 0.603560 0.067797 0.137540
1 0.250000 0.273463 0.061017 0.132686
1 0.336441 0.550162 0.075424 0.163430
0 0.448305 0.582524 0.089831 0.199029
1 0.543220 0.309061 0.055932 0.134304
1 0.608475 0.669903 0.080508 0.158576
1 0.622034 0.500000 0.066949 0.131068
0 0.884746 0.647249 0.080508 0.187702
1 0.962712 0.359223 0.054237 0.121359
1 0.694915 0.155340 0.053390 0.106796
1 0.883051 0.205502 0.042373 0.079288
1 0.484746 0.279935 0.055932 0.100324