0 0.050000 0.273657 0.048333 0.067775
0 0.185000 0.249361 0.040000 0.060102
0 0.265833 0.255754 0.035833 0.066496
0 0.408333 0.240409 0.041667 0.062660
0 0.453333 0.231458 0.030833 0.054987
0 0.487500 0.226343 0.029167 0.062660
0 0.522500 0.170077 0.033333 0.040921
0 0.511667 0.281330 0.038333 0.058824
0 0.576667 0.352941 0.056667 0.086957
1 0.672500 0.209719 0.043333 0.075448
0 0.692500 0.373402 0.061667 0.108696
0 0.809167 0.184143 0.037500 0.061381
0 0.800833 0.345269 0.052500 0.069054
0 0.917500 0.453964 0.080833 0.135550
1 0.865000 0.424552 0.035000 0.076726