0 0.083065 0.223496 0.051613 0.094556
0 0.166935 0.279370 0.044355 0.081662
0 0.299194 0.183381 0.029839 0.058739
0 0.350806 0.259312 0.054839 0.108883
0 0.366935 0.184814 0.034677 0.060172
0 0.406452 0.234957 0.040323 0.081662
0 0.449194 0.471347 0.056452 0.094556
0 0.475806 0.229226 0.031452 0.063037
0 0.528226 0.223496 0.029839 0.074499
0 0.562097 0.233524 0.042742 0.085960
0 0.612097 0.263610 0.037903 0.071633
0 0.651613 0.302292 0.047581 0.087393
0 0.711290 0.322350 0.054032 0.097421
0 0.763710 0.210602 0.039516 0.077364
1 0.808065 0.212034 0.037097 0.058739
0 0.882258 0.189112 0.042742 0.090258
0 0.940323 0.212034 0.043548 0.091691
0 0.841129 0.210602 0.022581 0.054441