0 0.010000 0.355556 0.019167 0.026667
0 0.116667 0.379259 0.020000 0.029630
0 0.035000 0.453333 0.037500 0.066667
0 0.096667 0.542222 0.030000 0.069630
0 0.207500 0.442963 0.053333 0.100741
0 0.229167 0.370370 0.022500 0.053333
0 0.259167 0.343704 0.020833 0.038519
0 0.325000 0.360000 0.013333 0.026667
0 0.300000 0.394074 0.016667 0.037037
0 0.320833 0.474074 0.035000 0.069630
0 0.353333 0.437037 0.019167 0.053333
0 0.400000 0.451852 0.055833 0.096296
0 0.453333 0.629630 0.065833 0.136296
0 0.445000 0.382222 0.014167 0.025185
0 0.596667 0.472593 0.023333 0.065185
0 0.644167 0.407407 0.020833 0.047407
0 0.688333 0.499259 0.035000 0.072593
0 0.848333 0.648889 0.159167 0.308148
0 0.940833 0.743704 0.060833 0.128889