1 0.100885 0.257878 0.064073 0.108656
0 0.235322 0.211880 0.041938 0.073524
0 0.271901 0.214415 0.033085 0.050706
0 0.341799 0.193408 0.037279 0.063383
0 0.212488 0.411807 0.068966 0.106121
0 0.313141 0.530243 0.097158 0.161173
0 0.392125 0.208982 0.025396 0.046722
0 0.414725 0.242666 0.033085 0.057226
0 0.482992 0.299529 0.049627 0.103948
0 0.547297 0.219124 0.033085 0.073524
0 0.672880 0.436798 0.085974 0.137631
0 0.881174 0.868164 0.161463 0.243028
0 0.770969 0.283593 0.059180 0.091633