1 0.063477 0.090196 0.025391 0.036275
1 0.109375 0.114706 0.027344 0.029412
1 0.232422 0.162745 0.028320 0.039216
1 0.241211 0.105882 0.027344 0.039216
1 0.327148 0.135294 0.038086 0.046078
1 0.385742 0.160784 0.040039 0.047059
1 0.672852 0.045098 0.041016 0.054902
1 0.741211 0.088235 0.040039 0.059804
1 0.753906 0.437255 0.032227 0.044118
1 0.802734 0.408824 0.041016 0.050000
1 0.222656 0.790196 0.017578 0.021569
1 0.347656 0.784314 0.015625 0.023529
1 0.640625 0.839216 0.043945 0.053922