1 0.100586 0.592955 0.022461 0.054795
1 0.204102 0.634051 0.023438 0.048924
1 0.254883 0.604697 0.018555 0.045010
1 0.192383 0.240705 0.013672 0.052838
1 0.355469 0.651663 0.020508 0.045010
1 0.370117 0.634051 0.017578 0.054795
1 0.362305 0.549902 0.018555 0.054795
1 0.349609 0.506849 0.016602 0.045010
1 0.390625 0.500978 0.018555 0.046967
1 0.404297 0.559687 0.019531 0.050881
1 0.435547 0.571429 0.021484 0.046967
1 0.473633 0.500978 0.016602 0.046967
1 0.482422 0.561644 0.018555 0.045010
1 0.501953 0.559687 0.020508 0.041096
1 0.475586 0.641879 0.017578 0.048924
1 0.559570 0.581213 0.017578 0.050881
1 0.609375 0.426614 0.019531 0.046967
1 0.586914 0.555773 0.015625 0.037182
1 0.603516 0.581213 0.017578 0.041096
1 0.658203 0.526419 0.018555 0.045010
1 0.585938 0.677104 0.016602 0.058708
1 0.724609 0.540117 0.016602 0.035225
1 0.753906 0.563601 0.019531 0.045010
1 0.767578 0.493151 0.017578 0.050881
1 0.839844 0.553816 0.020508 0.039139
1 0.871094 0.590998 0.017578 0.050881
1 0.909180 0.504892 0.016602 0.046967