0 0.669000 0.657967 0.122000 0.188187
0 0.803000 0.559066 0.132000 0.195055
0 0.942000 0.454670 0.059000 0.104396
0 0.828000 0.258242 0.066000 0.085165
0 0.931000 0.221154 0.034000 0.068681
0 0.686000 0.364011 0.079000 0.111264
0 0.631000 0.197802 0.043000 0.075549
0 0.563000 0.451923 0.073000 0.112637
0 0.368000 0.456044 0.073000 0.122253
0 0.509000 0.362637 0.060000 0.078297
0 0.251000 0.418956 0.061000 0.075549
0 0.118000 0.527473 0.073000 0.118132
0 0.051000 0.381868 0.055000 0.079670
0 0.239000 0.222527 0.057000 0.071429
0 0.358000 0.168956 0.052000 0.075549
0 0.478000 0.218407 0.029000 0.057692
0 0.533000 0.256868 0.034000 0.060440
0 0.142000 0.173077 0.057000 0.074176