1 0.904297 0.376312 0.032227 0.058471
1 0.874023 0.575712 0.034180 0.061469
1 0.784180 0.512744 0.031250 0.059970
1 0.812500 0.371814 0.025391 0.044978
1 0.732422 0.317841 0.027344 0.046477
1 0.681641 0.605697 0.028320 0.055472
1 0.584961 0.626687 0.029297 0.049475
1 0.585938 0.355322 0.026367 0.047976
1 0.653320 0.344828 0.031250 0.059970
1 0.673828 0.281859 0.025391 0.044978
1 0.606445 0.299850 0.026367 0.046477
1 0.535156 0.338831 0.026367 0.044978
1 0.444336 0.359820 0.029297 0.052474
1 0.504883 0.565217 0.037109 0.071964
1 0.387695 0.568216 0.029297 0.056972
1 0.359375 0.361319 0.029297 0.049475
1 0.363281 0.296852 0.023438 0.038981
1 0.464844 0.325337 0.024414 0.046477
1 0.526367 0.286357 0.027344 0.044978
1 0.200195 0.301349 0.039063 0.073463
1 0.245117 0.218891 0.030273 0.064468
1 0.164063 0.239880 0.031250 0.055472
1 0.096680 0.299850 0.041016 0.080960
1 0.263672 0.517241 0.041992 0.080960
1 0.290039 0.337331 0.030273 0.064468
1 0.128906 0.322339 0.029297 0.065967
1 0.517578 0.385307 0.026367 0.050975