0 0.847 0.16941529235382308 0.063 0.0944527736131934
0 0.091 0.20689655172413793 0.05 0.06746626686656672
0 0.645 0.19490254872563717 0.046 0.0734632683658171
0 0.709 0.29685157421289354 0.033 0.049475262368815595
0 0.936 0.29985007496251875 0.047 0.08095952023988005
0 0.478 0.19640179910044978 0.056 0.10044977511244378
0 0.117 0.27886056971514245 0.056 0.0944527736131934
1 0.023 0.20089955022488756 0.044 0.0704647676161919
1 0.196 0.29535232383808097 0.055 0.08845577211394302
1 0.234 0.23388305847076463 0.037 0.06296851574212893
1 0.364 0.24587706146926536 0.045 0.05997001499250375
1 0.603 0.2158920539730135 0.042 0.06146926536731634
1 0.723 0.15592203898050974 0.047 0.06746626686656672