1 0.473633 0.134146 0.091797 0.146341
1 0.521484 0.079268 0.020508 0.043902
1 0.575195 0.056098 0.028320 0.042683
1 0.629883 0.045122 0.041016 0.075610
1 0.008789 0.123171 0.016602 0.080488
1 0.016602 0.070732 0.028320 0.065854
1 0.041992 0.046341 0.016602 0.031707
1 0.066406 0.034146 0.023438 0.039024
1 0.095703 0.042683 0.029297 0.053659
1 0.162109 0.102439 0.038086 0.067073
1 0.362305 0.089024 0.017578 0.037805
1 0.376953 0.054878 0.024414 0.036585
1 0.742188 0.074390 0.057617 0.092683
1 0.849609 0.036585 0.037109 0.053659
1 0.951172 0.070732 0.039063 0.060976
1 0.219727 0.041463 0.017578 0.039024
1 0.307617 0.086585 0.017578 0.048780