1 0.130859 0.213528 0.038086 0.061008
1 0.267578 0.161804 0.037109 0.066313
1 0.386719 0.116711 0.041016 0.066313
1 0.511719 0.120690 0.038086 0.063660
1 0.633789 0.127321 0.038086 0.049072
1 0.753906 0.171088 0.040039 0.059682
1 0.720703 0.293103 0.038086 0.067639
1 0.600586 0.275862 0.041016 0.068966
1 0.490234 0.286472 0.040039 0.068966
1 0.364258 0.286472 0.041016 0.075597
1 0.229492 0.331565 0.041016 0.074271
1 0.309570 0.515915 0.042969 0.088859
1 0.185547 0.607427 0.046875 0.084881
1 0.438477 0.484085 0.043945 0.078249
1 0.573242 0.473475 0.043945 0.074271
1 0.675781 0.598143 0.048828 0.084881
1 0.875000 0.220159 0.036133 0.062334