0 0.021875 0.489222 0.041875 0.078725
0 0.087500 0.453608 0.045000 0.069353
0 0.191875 0.453608 0.047500 0.073102
0 0.286250 0.425492 0.042500 0.062793
0 0.348125 0.448922 0.046250 0.082474
0 0.483125 0.466729 0.045625 0.075914
0 0.503750 0.425492 0.028125 0.085286
0 0.613125 0.438613 0.025625 0.047798
0 0.691875 0.330834 0.050000 0.093721
0 0.870000 0.354264 0.058750 0.088097
0 0.991250 0.377694 0.016875 0.074039
0 0.926250 0.373946 0.046875 0.077788
1 0.638125 0.446111 0.034375 0.073102
1 0.404375 0.492034 0.043750 0.073102
1 0.259375 0.468604 0.046875 0.083411