1 0.010742 0.219619 0.018555 0.048316
1 0.035156 0.219619 0.024414 0.049780
1 0.120117 0.256223 0.034180 0.071742
1 0.210938 0.248902 0.019531 0.032211
1 0.268555 0.279649 0.031250 0.058565
1 0.331055 0.256223 0.030273 0.049780
1 0.300781 0.288433 0.020508 0.032211
1 0.490234 0.304539 0.021484 0.035139
1 0.543945 0.301611 0.044922 0.086384
1 0.642578 0.311859 0.034180 0.068814
1 0.691406 0.304539 0.020508 0.035139
1 0.670898 0.313324 0.013672 0.024890
1 0.727539 0.307467 0.016602 0.033675
1 0.773438 0.363104 0.012695 0.027818
1 0.789063 0.366032 0.013672 0.023426
1 0.820313 0.336750 0.024414 0.046852
1 0.856445 0.332357 0.030273 0.058565
1 0.875977 0.256223 0.027344 0.048316
1 0.811523 0.292826 0.019531 0.030747
1 0.791992 0.301611 0.013672 0.026354
1 0.739258 0.289898 0.013672 0.023426
1 0.716797 0.260615 0.009766 0.021962
1 0.959961 0.307467 0.017578 0.033675
1 0.945313 0.376281 0.009766 0.024890
1 0.969727 0.373353 0.014648 0.024890
1 0.936523 0.282577 0.012695 0.024890
1 0.941406 0.247438 0.012695 0.023426
1 0.752930 0.368960 0.013672 0.029283
1 0.994141 0.297218 0.010742 0.029283
1 0.990234 0.392387 0.014648 0.026354
1 0.751953 0.275256 0.011719 0.023426