1 0.152344 0.282552 0.040039 0.061198
1 0.236328 0.287760 0.036133 0.055990
1 0.293945 0.278646 0.038086 0.057292
1 0.384766 0.308594 0.035156 0.054688
1 0.421875 0.248698 0.031250 0.053385
1 0.478516 0.257813 0.032227 0.050781
1 0.571289 0.308594 0.034180 0.055990
1 0.635742 0.312500 0.033203 0.046875
1 0.744141 0.261719 0.032227 0.049479
1 0.811523 0.299479 0.032227 0.053385
1 0.879883 0.276042 0.038086 0.059896
1 0.867188 0.441406 0.031250 0.052083
1 0.800781 0.401042 0.032227 0.048177
1 0.689453 0.529948 0.033203 0.049479
1 0.605469 0.519531 0.036133 0.062500
1 0.535156 0.559896 0.036133 0.054688
1 0.456055 0.526042 0.041016 0.057292
1 0.382813 0.557292 0.038086 0.054688
1 0.279297 0.557292 0.040039 0.061198
1 0.166016 0.503906 0.045898 0.065104