1 0.130859 0.183508 0.047852 0.060395
1 0.255859 0.176539 0.045898 0.062718
1 0.366211 0.173055 0.040039 0.054588
1 0.457031 0.196283 0.046875 0.066202
1 0.701172 0.202091 0.041992 0.065041
1 0.850586 0.204413 0.043945 0.065041
1 0.427734 0.344948 0.044922 0.062718
1 0.288086 0.477352 0.044922 0.067364
1 0.601563 0.397213 0.043945 0.065041
1 0.706055 0.396051 0.042969 0.062718
1 0.855469 0.406504 0.056641 0.069686
1 0.530273 0.663182 0.060547 0.077816
1 0.670898 0.656214 0.055664 0.080139