1 0.866211 0.426230 0.025391 0.045082
1 0.833008 0.322404 0.027344 0.049180
1 0.776367 0.411202 0.022461 0.034153
1 0.806641 0.483607 0.023438 0.032787
1 0.710938 0.423497 0.023438 0.038251
1 0.700195 0.314208 0.022461 0.038251
1 0.593750 0.304645 0.023438 0.040984
1 0.582031 0.520492 0.025391 0.047814
1 0.526367 0.297814 0.023438 0.039617
1 0.460938 0.280055 0.024414 0.042350
1 0.412109 0.254098 0.025391 0.039617
1 0.378906 0.394809 0.023438 0.039617
1 0.421875 0.468579 0.022461 0.038251
1 0.343750 0.536885 0.025391 0.040984
1 0.271484 0.476776 0.020508 0.030055
1 0.249023 0.415301 0.028320 0.045082
1 0.283203 0.233607 0.028320 0.047814
1 0.188477 0.265027 0.026367 0.047814
1 0.188477 0.557377 0.030273 0.047814
1 0.154297 0.454918 0.030273 0.045082
1 0.091797 0.489071 0.034180 0.050546