1 0.340820 0.510981 0.027344 0.046852
1 0.650391 0.541728 0.024414 0.043924
1 0.928711 0.560761 0.025391 0.048316
1 0.795898 0.440703 0.022461 0.043924
1 0.928711 0.200586 0.024414 0.046852
1 0.659180 0.200586 0.023438 0.042460
1 0.491211 0.402635 0.025391 0.043924
1 0.354492 0.159590 0.022461 0.042460
1 0.204102 0.371889 0.023438 0.039531
1 0.118164 0.519766 0.013672 0.027818
1 0.094727 0.594436 0.018555 0.029283
1 0.010742 0.528551 0.013672 0.026354
1 0.509766 0.263543 0.042969 0.089312