1 0.106445 0.619247 0.030273 0.065551
1 0.104492 0.739191 0.034180 0.083682
1 0.187500 0.599721 0.012695 0.057183
1 0.204102 0.603905 0.013672 0.040446
1 0.320313 0.626220 0.014648 0.039052
1 0.291016 0.580195 0.015625 0.039052
1 0.321289 0.580195 0.013672 0.026499
1 0.265625 0.757322 0.019531 0.085077
1 0.026367 0.595537 0.023438 0.089261
1 0.485352 0.631799 0.019531 0.037657
1 0.529297 0.617852 0.013672 0.030683
1 0.515625 0.726639 0.022461 0.071130
1 0.586914 0.750349 0.041992 0.097629
1 0.680664 0.599721 0.008789 0.037657
1 0.717773 0.606695 0.013672 0.033473
1 0.738281 0.638773 0.039063 0.055788
1 0.843750 0.661088 0.026367 0.050209
1 0.881836 0.613668 0.033203 0.054393
1 0.921875 0.599721 0.023438 0.032078
1 0.787109 0.725244 0.030273 0.075314
1 0.970703 0.744770 0.058594 0.099024
1 0.981445 0.578801 0.030273 0.043236