1 0.206055 0.202771 0.026367 0.042821
1 0.166016 0.253149 0.025391 0.047859
1 0.356445 0.217884 0.036133 0.080605
1 0.142578 0.347607 0.047852 0.076826
1 0.072266 0.327456 0.052734 0.071788
1 0.312500 0.301008 0.064453 0.094458
1 0.094727 0.459698 0.083984 0.094458
1 0.220703 0.403023 0.057617 0.056675
1 0.441406 0.132242 0.024414 0.037783
1 0.424805 0.182620 0.022461 0.039043
1 0.475586 0.176322 0.024414 0.040302
1 0.549805 0.153652 0.029297 0.047859
1 0.532227 0.130982 0.022461 0.034005
1 0.627930 0.118388 0.025391 0.041562
1 0.604492 0.107053 0.021484 0.032746
1 0.586914 0.125945 0.019531 0.022670
1 0.463867 0.149874 0.022461 0.034005
1 0.660156 0.230479 0.029297 0.054156
1 0.691406 0.190176 0.036133 0.062972
1 0.717773 0.102015 0.024414 0.041562
1 0.677734 0.366499 0.042969 0.074307
1 0.913086 0.120907 0.038086 0.050378
1 0.855469 0.226700 0.071289 0.104534
1 0.872070 0.044081 0.011719 0.022670
1 0.943359 0.016373 0.019531 0.028967
1 0.961914 0.016373 0.010742 0.020151
1 0.870117 0.147355 0.026367 0.044081
1 0.904297 0.405542 0.067383 0.093199
1 0.885742 0.894207 0.143555 0.211587
1 0.881836 0.027708 0.015625 0.026448