1 0.180664 0.192162 0.230469 0.173198
1 0.485352 0.151707 0.175781 0.143489
1 0.066406 0.364096 0.028320 0.022124
1 0.470703 0.532238 0.113281 0.082807
1 0.664063 0.438685 0.121094 0.093552
1 0.753906 0.400126 0.115234 0.092920
1 0.888672 0.383692 0.116211 0.110619
1 0.755859 0.574589 0.025391 0.024020
1 0.862305 0.592920 0.027344 0.025917
1 0.054688 0.825537 0.025391 0.026549
1 0.156250 0.838180 0.026367 0.023388
1 0.276367 0.847029 0.034180 0.031606
1 0.331055 0.808470 0.030273 0.023388
1 0.481445 0.826169 0.024414 0.025284
1 0.520508 0.844501 0.020508 0.019595
1 0.573242 0.846397 0.026367 0.025284
1 0.651367 0.817952 0.021484 0.020860
1 0.701172 0.845765 0.024414 0.022124
1 0.823242 0.845765 0.023438 0.024652
1 0.898438 0.847029 0.020508 0.022124
1 0.922852 0.819848 0.026367 0.025917