1 0.243164 0.328485 0.073242 0.129697
1 0.046875 0.553939 0.029297 0.056970
1 0.259766 0.576970 0.022461 0.063030
1 0.330078 0.545455 0.026367 0.043636
1 0.313477 0.669091 0.032227 0.100606
1 0.388672 0.557576 0.021484 0.058182
1 0.450195 0.626667 0.025391 0.050909
1 0.109375 0.593939 0.020508 0.056970
1 0.513672 0.547879 0.024414 0.054545
1 0.554688 0.520000 0.011719 0.035152
1 0.644531 0.546667 0.023438 0.041212
1 0.646484 0.578182 0.020508 0.049697
1 0.738281 0.551515 0.031250 0.054545
1 0.811523 0.541818 0.026367 0.050909
1 0.698242 0.549091 0.020508 0.042424
1 0.946289 0.563636 0.021484 0.060606
1 0.928711 0.593939 0.016602 0.058182
1 0.473633 0.593939 0.038086 0.087273
1 0.652344 0.735758 0.037109 0.121212
1 0.807617 0.700606 0.038086 0.077576
1 0.926758 0.324848 0.012695 0.030303
1 0.520508 0.618182 0.019531 0.052121