1 0.052734 0.821782 0.056641 0.141089
1 0.223633 0.657178 0.036133 0.070545
1 0.150391 0.830446 0.084961 0.138614
1 0.513672 0.908416 0.036133 0.106436
1 0.614258 0.847772 0.066406 0.121287
1 0.716797 0.862624 0.073242 0.136139
1 0.827148 0.764851 0.062500 0.095297
1 0.890625 0.801980 0.052734 0.101485
1 0.968750 0.793317 0.048828 0.087871
1 0.981445 0.825495 0.037109 0.113861
1 0.989258 0.493812 0.012695 0.025990
1 0.900391 0.472772 0.011719 0.025990
1 0.642578 0.470297 0.057617 0.116337
1 0.935547 0.485149 0.014648 0.028465