1 0.805664 0.512482 0.046875 0.085169
1 0.670898 0.456681 0.095703 0.157122
1 0.856445 0.511013 0.029297 0.046990
1 0.481445 0.541850 0.042969 0.069016
1 0.372070 0.878120 0.020508 0.035242
1 0.338867 0.788546 0.023438 0.041116
1 0.270508 0.757709 0.014648 0.030837
1 0.293945 0.747430 0.011719 0.026432
1 0.228516 0.769457 0.016602 0.029369
1 0.183594 0.737151 0.010742 0.020558
1 0.168945 0.743025 0.011719 0.020558
1 0.156250 0.728341 0.015625 0.023495
1 0.153320 0.698972 0.013672 0.022026
1 0.366211 0.732746 0.014648 0.027900
1 0.337891 0.738620 0.013672 0.022026
1 0.311523 0.706314 0.012695 0.023495
1 0.426758 0.765051 0.016602 0.033774
1 0.405273 0.775330 0.015625 0.024963
1 0.426758 0.911894 0.019531 0.030837