1 0.940430 0.257687 0.048828 0.081991
1 0.874023 0.248902 0.051758 0.101025
1 0.838867 0.191801 0.071289 0.101025
1 0.892578 0.161054 0.036133 0.060029
1 0.785156 0.231332 0.061523 0.108346
1 0.741211 0.248902 0.039063 0.076135
1 0.697266 0.228404 0.060547 0.131772
1 0.601563 0.181552 0.050781 0.096633
1 0.604492 0.270864 0.051758 0.093704
1 0.535156 0.225476 0.055664 0.106881
1 0.376953 0.288433 0.058594 0.106881
1 0.400391 0.229868 0.038086 0.077599
1 0.333984 0.345534 0.061523 0.106881
1 0.298828 0.196193 0.043945 0.077599
1 0.318359 0.273792 0.044922 0.071742
1 0.276367 0.322108 0.050781 0.109810
1 0.208008 0.320644 0.059570 0.108346
1 0.166016 0.284041 0.050781 0.092240
1 0.123047 0.351391 0.063477 0.114202
1 0.343750 0.204978 0.027344 0.048316
1 0.021484 0.281113 0.042969 0.112738