1 0.926758 0.252604 0.098633 0.143229
1 0.809570 0.208333 0.097656 0.149740
1 0.905273 0.020833 0.047852 0.041667
1 0.748047 0.019531 0.046875 0.040365
1 0.404297 0.289063 0.120117 0.209635
1 0.522461 0.160156 0.054688 0.084635
1 0.520508 0.039063 0.034180 0.061198
1 0.299805 0.144531 0.065430 0.101563
1 0.253906 0.052083 0.030273 0.049479
1 0.292969 0.033854 0.024414 0.040365
1 0.414063 0.031250 0.016602 0.026042
1 0.372070 0.023438 0.017578 0.028646
1 0.343750 0.040365 0.019531 0.028646
1 0.140625 0.052083 0.017578 0.037760
1 0.078125 0.078125 0.057617 0.089844
1 0.021484 0.296875 0.043945 0.140625
1 0.024414 0.186198 0.048828 0.160156
1 0.036133 0.040365 0.017578 0.032552