1 0.955078 0.355469 0.036133 0.049479
1 0.813477 0.423177 0.036133 0.054688
1 0.735352 0.365885 0.021484 0.036458
1 0.684570 0.382813 0.035156 0.058594
1 0.681641 0.277344 0.030273 0.048177
1 0.635742 0.343750 0.035156 0.050781
1 0.558594 0.360677 0.030273 0.049479
1 0.848633 0.201823 0.036133 0.057292
1 0.466797 0.399740 0.039063 0.057292
1 0.312500 0.375000 0.037109 0.052083
1 0.226563 0.368490 0.009766 0.020833
1 0.232422 0.342448 0.030273 0.050781
1 0.088867 0.348958 0.027344 0.045573
1 0.030273 0.402344 0.030273 0.044271
1 0.993164 0.510417 0.013672 0.028646
1 0.949219 0.523438 0.021484 0.032552
1 0.917969 0.545573 0.022461 0.037760
1 0.890625 0.522135 0.017578 0.028646
1 0.857422 0.528646 0.022461 0.029948
1 0.809570 0.527344 0.023438 0.035156
1 0.772461 0.542969 0.018555 0.027344
1 0.741211 0.501302 0.015625 0.022135
1 0.917969 0.522135 0.017578 0.024740
1 0.992188 0.553385 0.014648 0.028646
1 0.708984 0.539063 0.020508 0.032552
1 0.697266 0.516927 0.016602 0.031250
1 0.660156 0.507813 0.017578 0.026042
1 0.674805 0.541667 0.017578 0.026042
1 0.643555 0.557292 0.017578 0.029948
1 0.625000 0.529948 0.019531 0.024740
1 0.625977 0.509115 0.015625 0.026042
1 0.595703 0.523438 0.012695 0.026042
1 0.577148 0.516927 0.018555 0.028646
1 0.568359 0.554688 0.018555 0.027344
1 0.552734 0.513021 0.017578 0.028646
1 0.515625 0.531250 0.018555 0.029948
1 0.501953 0.563802 0.017578 0.027344
1 0.494141 0.529948 0.013672 0.028646
1 0.482422 0.516927 0.013672 0.023438
1 0.445313 0.526042 0.021484 0.029948
1 0.392578 0.511719 0.019531 0.029948
1 0.373047 0.552083 0.016602 0.027344
1 0.347656 0.562500 0.011719 0.020833
1 0.314453 0.561198 0.016602 0.028646
1 0.309570 0.519531 0.018555 0.031250
1 0.276367 0.503906 0.024414 0.033854
1 0.258789 0.514323 0.018555 0.031250
1 0.237305 0.529948 0.018555 0.023438
1 0.197266 0.524740 0.023438 0.032552
1 0.119141 0.502604 0.023438 0.032552
1 0.063477 0.527344 0.020508 0.029948
1 0.166016 0.505208 0.011719 0.022135
1 0.025391 0.542969 0.015625 0.028646
1 0.008789 0.532552 0.017578 0.033854
1 0.015625 0.514323 0.013672 0.024740