1 0.740234 0.483073 0.035156 0.058594
1 0.620117 0.490885 0.032227 0.059896
1 0.502930 0.473958 0.040039 0.063802
1 0.791992 0.321615 0.021484 0.028646
1 0.736328 0.326823 0.018555 0.026042
1 0.655273 0.330729 0.017578 0.032552
1 0.247070 0.490885 0.041016 0.070313
1 0.379883 0.433594 0.028320 0.044271
1 0.307617 0.320313 0.017578 0.031250
1 0.199219 0.368490 0.022461 0.033854
1 0.143555 0.462240 0.017578 0.032552
1 0.076172 0.395833 0.023438 0.048177
1 0.258789 0.407552 0.025391 0.041667