1 0.971680 0.919643 0.034180 0.071429
1 0.860352 0.937500 0.032227 0.075893
1 0.961914 0.803571 0.029297 0.061012
1 0.819336 0.785714 0.028320 0.059524
1 0.915039 0.697917 0.030273 0.065476
1 0.986328 0.644345 0.027344 0.055060
1 0.880859 0.607143 0.028320 0.056548
1 0.936523 0.543155 0.028320 0.058036
1 0.974609 0.476190 0.025391 0.053571
1 0.858398 0.529762 0.028320 0.052083
1 0.935547 0.407738 0.023438 0.050595
1 0.926758 0.456845 0.022461 0.053571
1 0.851563 0.424107 0.028320 0.053571
1 0.943359 0.366071 0.021484 0.044643
1 0.967773 0.291667 0.021484 0.040179
1 0.928711 0.325893 0.021484 0.038690
1 0.877930 0.351190 0.024414 0.035714
1 0.983398 0.190476 0.017578 0.037202
1 0.945313 0.242560 0.019531 0.041667
1 0.954102 0.217262 0.014648 0.034226
1 0.892578 0.252976 0.019531 0.043155
1 0.907227 0.263393 0.017578 0.035714
1 0.891602 0.221726 0.018555 0.028274
1 0.893555 0.186012 0.019531 0.031250
1 0.980469 0.136905 0.019531 0.037202
1 0.858398 0.168155 0.018555 0.034226
1 0.866211 0.226190 0.017578 0.040179
1 0.934570 0.105655 0.020508 0.040179
1 0.962891 0.095238 0.011719 0.028274
1 0.895508 0.095238 0.017578 0.035714
1 0.870117 0.074405 0.010742 0.022321
1 0.945313 0.075893 0.015625 0.025298
1 0.745117 0.860119 0.035156 0.071429
1 0.713867 0.764881 0.029297 0.069940
1 0.742188 0.662202 0.029297 0.062500
1 0.699219 0.577381 0.027344 0.061012
1 0.796875 0.489583 0.026367 0.062500
1 0.656250 0.517857 0.027344 0.062500
1 0.625977 0.596726 0.024414 0.046131
1 0.828125 0.458333 0.023438 0.047619
1 0.755859 0.444940 0.022461 0.049107
1 0.770508 0.437500 0.018555 0.037202
1 0.753906 0.382440 0.020508 0.043155
1 0.829102 0.319940 0.019531 0.038690
1 0.811523 0.284226 0.018555 0.034226
1 0.833984 0.205357 0.017578 0.035714
1 0.809570 0.193452 0.019531 0.037202
1 0.768555 0.254464 0.019531 0.043155
1 0.780273 0.238095 0.017578 0.037202
1 0.819336 0.136905 0.015625 0.037202
1 0.817383 0.174107 0.015625 0.031250
1 0.788086 0.145833 0.016602 0.032738
1 0.775391 0.165179 0.017578 0.035714
1 0.750000 0.199405 0.017578 0.037202
1 0.735352 0.150298 0.015625 0.029762
1 0.773438 0.122024 0.017578 0.031250
1 0.755859 0.099702 0.014648 0.031250
1 0.815430 0.072917 0.017578 0.032738
1 0.849609 0.096726 0.015625 0.029762
1 0.784180 0.078869 0.012695 0.023810
1 0.800781 0.037202 0.014648 0.026786
1 0.769531 0.055060 0.014648 0.026786
1 0.753906 0.066964 0.016602 0.025298
1 0.763672 0.037202 0.015625 0.023810
1 0.727539 0.055060 0.015625 0.029762
1 0.756836 0.014881 0.014648 0.023810
1 0.528320 0.744048 0.022461 0.068452
1 0.452148 0.702381 0.031250 0.056548
1 0.518555 0.674107 0.025391 0.050595
1 0.411133 0.843750 0.036133 0.084821
1 0.431641 0.982143 0.041992 0.035714
1 0.315430 0.808036 0.046875 0.081845
1 0.573242 0.531250 0.028320 0.050595
1 0.494141 0.619048 0.030273 0.058036
1 0.470703 0.511905 0.026367 0.053571
1 0.554688 0.441964 0.031250 0.059524
1 0.471680 0.428571 0.023438 0.049107
1 0.511719 0.398810 0.023438 0.050595
1 0.625977 0.395833 0.024414 0.053571
1 0.713867 0.409226 0.023438 0.049107
1 0.448242 0.394345 0.023438 0.044643
1 0.697266 0.470238 0.024414 0.038690
1 0.684570 0.348214 0.021484 0.047619
1 0.725586 0.337798 0.021484 0.046131
1 0.753906 0.339286 0.022461 0.043155
1 0.703125 0.282738 0.015625 0.029762
1 0.644531 0.305060 0.021484 0.041667
1 0.655273 0.281250 0.019531 0.035714
1 0.603516 0.337798 0.022461 0.047619
1 0.719727 0.200893 0.017578 0.040179
1 0.703125 0.202381 0.016602 0.034226
1 0.689453 0.172619 0.013672 0.023810
1 0.635742 0.238095 0.017578 0.034226
1 0.612305 0.318452 0.018555 0.034226
1 0.599609 0.266369 0.027344 0.041667
1 0.606445 0.200893 0.019531 0.040179
1 0.575195 0.293155 0.019531 0.038690
1 0.545898 0.360119 0.017578 0.038690
1 0.554688 0.226190 0.019531 0.041667
1 0.559570 0.199405 0.018555 0.040179
1 0.699219 0.075893 0.015625 0.028274
1 0.723633 0.114583 0.013672 0.020833
1 0.705078 0.114583 0.017578 0.028274
1 0.683594 0.099702 0.016602 0.029762
1 0.687500 0.032738 0.014648 0.026786
1 0.668945 0.114583 0.014648 0.029762
1 0.684570 0.136905 0.017578 0.028274
1 0.630859 0.165179 0.017578 0.037202
1 0.641602 0.147321 0.011719 0.022321
1 0.659180 0.102679 0.017578 0.034226
1 0.648438 0.062500 0.013672 0.029762
1 0.659180 0.035714 0.015625 0.026786
1 0.632813 0.077381 0.017578 0.028274
1 0.608398 0.083333 0.014648 0.032738
1 0.621094 0.028274 0.013672 0.025298
1 0.599609 0.061012 0.013672 0.022321
1 0.586914 0.119048 0.014648 0.031250
1 0.568359 0.077381 0.016602 0.029762
1 0.570313 0.126488 0.016602 0.034226
1 0.562500 0.016369 0.013672 0.026786
1 0.525391 0.014881 0.011719 0.020833
1 0.543945 0.105655 0.014648 0.034226
1 0.521484 0.111607 0.017578 0.038690
1 0.491211 0.092262 0.014648 0.031250
1 0.505859 0.141369 0.017578 0.035714
1 0.460938 0.107143 0.015625 0.029762
1 0.454102 0.065476 0.015625 0.032738
1 0.508789 0.031250 0.013672 0.028274
1 0.489258 0.046131 0.013672 0.031250
1 0.454102 0.028274 0.011719 0.023810
1 0.426758 0.113095 0.020508 0.023810
1 0.417969 0.151786 0.016602 0.032738
1 0.418945 0.104167 0.017578 0.026786
1 0.408203 0.075893 0.015625 0.031250
1 0.408203 0.049107 0.012695 0.020833
1 0.388672 0.139881 0.017578 0.029762
1 0.359375 0.120536 0.014648 0.032738
1 0.374023 0.095238 0.015625 0.031250
1 0.394531 0.041667 0.013672 0.023810
1 0.378906 0.041667 0.012695 0.022321
1 0.397461 0.011905 0.013672 0.022321
1 0.359375 0.047619 0.015625 0.023810
1 0.350586 0.028274 0.014648 0.025298
1 0.321289 0.041667 0.016602 0.032738
1 0.419922 0.010417 0.015625 0.022321
1 0.325195 0.141369 0.018555 0.031250
1 0.324219 0.090774 0.013672 0.031250
1 0.285156 0.013393 0.015625 0.028274
1 0.274414 0.074405 0.019531 0.026786
1 0.305664 0.120536 0.016602 0.034226
1 0.257813 0.126488 0.017578 0.031250
1 0.260742 0.083333 0.017578 0.034226
1 0.250000 0.052083 0.015625 0.026786
1 0.249023 0.014881 0.013672 0.025298
1 0.241211 0.026786 0.015625 0.031250
1 0.238281 0.133929 0.016602 0.037202
1 0.223633 0.090774 0.016602 0.029762
1 0.222656 0.066964 0.014648 0.025298
1 0.194336 0.040179 0.014648 0.028274
1 0.196289 0.092262 0.015625 0.035714
1 0.179688 0.017857 0.013672 0.029762
1 0.190430 0.011905 0.010742 0.020833
1 0.206055 0.031250 0.009766 0.026786
1 0.202148 0.163690 0.019531 0.034226
1 0.187500 0.130952 0.015625 0.023810
1 0.551758 0.163690 0.012695 0.023810
1 0.452148 0.215774 0.018555 0.032738
1 0.513672 0.263393 0.020508 0.037202
1 0.487305 0.269345 0.018555 0.034226
1 0.501953 0.330357 0.021484 0.044643
1 0.467773 0.333333 0.017578 0.043155
1 0.418945 0.272321 0.021484 0.044643
1 0.399414 0.296131 0.019531 0.047619
1 0.400391 0.196429 0.017578 0.040179
1 0.370117 0.180060 0.015625 0.034226
1 0.359375 0.193452 0.018555 0.029762
1 0.339844 0.197917 0.019531 0.034226
1 0.337891 0.250000 0.019531 0.041667
1 0.302734 0.258929 0.021484 0.041667
1 0.347656 0.331845 0.021484 0.041667
1 0.431641 0.361607 0.017578 0.043155
1 0.283203 0.328869 0.023438 0.044643
1 0.264648 0.214286 0.017578 0.041667
1 0.278320 0.202381 0.017578 0.032738
1 0.285156 0.245536 0.020508 0.046131
1 0.319336 0.181548 0.018555 0.035714
1 0.269531 0.168155 0.016602 0.031250
1 0.405273 0.380952 0.022461 0.038690
1 0.407227 0.421131 0.020508 0.043155
1 0.391602 0.434524 0.027344 0.061012
1 0.339844 0.377976 0.022461 0.047619
1 0.280273 0.450893 0.030273 0.053571
1 0.345703 0.563988 0.029297 0.058036
1 0.366211 0.680060 0.035156 0.083333
1 0.264648 0.538690 0.030273 0.063988
1 0.254883 0.477679 0.022461 0.043155
1 0.234375 0.688988 0.041016 0.069940
1 0.193359 0.653274 0.024414 0.065476
1 0.153320 0.864583 0.044922 0.077381
1 0.047852 0.840774 0.037109 0.074405
1 0.039063 0.691964 0.036133 0.066964
1 0.173828 0.489583 0.030273 0.056548
1 0.076172 0.444940 0.031250 0.059524
1 0.135742 0.486607 0.024414 0.062500
1 0.200195 0.389881 0.026367 0.061012
1 0.242188 0.401786 0.025391 0.058036
1 0.197266 0.299107 0.028320 0.056548
1 0.227539 0.311012 0.022461 0.041667
1 0.220703 0.233631 0.018555 0.035714
1 0.205078 0.247024 0.022461 0.035714
1 0.142578 0.233631 0.021484 0.040179
1 0.151367 0.224702 0.016602 0.035714
1 0.111328 0.241071 0.017578 0.038690
1 0.152344 0.330357 0.022461 0.044643
1 0.159180 0.305060 0.019531 0.041667
1 0.072266 0.308036 0.029297 0.052083
1 0.082031 0.267857 0.025391 0.047619
1 0.144531 0.169643 0.018555 0.040179
1 0.149414 0.148810 0.018555 0.034226
1 0.095703 0.188988 0.017578 0.035714
1 0.066406 0.239583 0.018555 0.040179
1 0.041016 0.172619 0.020508 0.041667
1 0.088867 0.120536 0.016602 0.035714
1 0.124023 0.123512 0.016602 0.035714
1 0.168945 0.105655 0.018555 0.029762
1 0.150391 0.069940 0.016602 0.029762
1 0.124023 0.084821 0.011719 0.025298
1 0.087891 0.063988 0.015625 0.032738
1 0.074219 0.071429 0.014648 0.025298
1 0.030273 0.123512 0.015625 0.023810
1 0.071289 0.145833 0.018555 0.037202
1 0.052734 0.148810 0.019531 0.034226
1 0.025391 0.090774 0.015625 0.028274
1 0.034180 0.046131 0.013672 0.029762
1 0.041992 0.029762 0.013672 0.023810
1 0.107422 0.026786 0.015625 0.031250
1 0.123047 0.010417 0.015625 0.022321
1 0.096680 0.020833 0.014648 0.031250
1 0.009766 0.061012 0.018555 0.029762
1 0.165039 0.016369 0.015625 0.029762
1 0.008789 0.566964 0.017578 0.072917
1 0.005859 0.148810 0.011719 0.046131
1 0.007813 0.013393 0.015625 0.026786
1 0.007813 0.254464 0.015625 0.041667
1 0.114258 0.985119 0.045898 0.029762
1 0.950195 0.062500 0.017578 0.031250