1 0.193359 0.902778 0.047852 0.142361
1 0.219727 0.793403 0.042969 0.109375
1 0.297852 0.552083 0.028320 0.036458
1 0.199219 0.531250 0.019531 0.034722
1 0.127930 0.534722 0.021484 0.046875
1 0.212891 0.032986 0.015625 0.029514
1 0.237305 0.022569 0.014648 0.034722
1 0.262695 0.038194 0.016602 0.032986
1 0.301758 0.104167 0.017578 0.039931
1 0.361328 0.092014 0.017578 0.039931
1 0.400391 0.131944 0.012695 0.036458
1 0.268555 0.098958 0.011719 0.032986
1 0.257813 0.130208 0.018555 0.039931
1 0.233398 0.095486 0.015625 0.027778
1 0.193359 0.104167 0.014648 0.026042
1 0.174805 0.180556 0.011719 0.029514
1 0.292969 0.248264 0.018555 0.034722
1 0.338867 0.279514 0.018555 0.057292
1 0.286133 0.303819 0.020508 0.038194
1 0.234375 0.267361 0.019531 0.052083
1 0.216797 0.262153 0.015625 0.041667
1 0.190430 0.289931 0.024414 0.048611
1 0.162109 0.347222 0.016602 0.034722
1 0.125977 0.263889 0.018555 0.041667
1 0.117188 0.279514 0.010742 0.027778
1 0.379883 0.309028 0.011719 0.048611
1 0.397461 0.276042 0.010742 0.020833
1 0.424805 0.309028 0.012695 0.039931
1 0.462891 0.305556 0.016602 0.029514
1 0.502930 0.279514 0.015625 0.029514
1 0.442383 0.293403 0.008789 0.024306
1 0.500000 0.378472 0.010742 0.026042
1 0.674805 0.579861 0.013672 0.032986
1 0.700195 0.572917 0.014648 0.038194
1 0.848633 0.552083 0.016602 0.029514
1 0.872070 0.678819 0.041016 0.098958
1 0.760742 0.588542 0.017578 0.031250
1 0.753906 0.647569 0.027344 0.055556
1 0.719727 0.598958 0.015625 0.032986
1 0.739258 0.625000 0.016602 0.027778
1 0.615234 0.685764 0.017578 0.057292