1 0.802734 0.343750 0.016602 0.032986
1 0.821289 0.347222 0.013672 0.034722
1 0.734375 0.293403 0.012695 0.027778
1 0.736328 0.442708 0.022461 0.048611
1 0.879883 0.765625 0.035156 0.081597
1 0.732422 0.545139 0.020508 0.050347
1 0.865234 0.625000 0.027344 0.060764
1 0.603516 0.652778 0.023438 0.072917
1 0.554688 0.555556 0.020508 0.071181
1 0.583008 0.517361 0.017578 0.045139
1 0.595703 0.440972 0.023438 0.055556
1 0.625977 0.442708 0.022461 0.041667
1 0.660156 0.381944 0.016602 0.036458
1 0.620117 0.375000 0.020508 0.041667
1 0.578125 0.371528 0.014648 0.029514
1 0.592773 0.355903 0.013672 0.031250
1 0.530273 0.291667 0.009766 0.024306
1 0.509766 0.307292 0.013672 0.032986
1 0.492188 0.350694 0.013672 0.027778
1 0.479492 0.288194 0.011719 0.022569
1 0.464844 0.286458 0.010742 0.024306
1 0.400391 0.409722 0.011719 0.038194
1 0.373047 0.371528 0.019531 0.038194
1 0.444336 0.354167 0.013672 0.034722
1 0.279297 0.453125 0.018555 0.041667
1 0.257813 0.392361 0.020508 0.046875
1 0.036133 0.519097 0.025391 0.055556
1 0.190430 0.364583 0.015625 0.027778
1 0.146484 0.317708 0.010742 0.024306
1 0.053711 0.440972 0.017578 0.048611
1 0.031250 0.348958 0.014648 0.031250
1 0.042969 0.262153 0.008789 0.020833
1 0.771484 0.456597 0.014648 0.034722