1 0.992188 0.615251 0.015625 0.048527
1 0.986328 0.578856 0.016602 0.031196
1 0.981445 0.547660 0.010742 0.024263
1 0.945313 0.610052 0.012695 0.034662
1 0.900391 0.630849 0.023438 0.043328
1 0.874023 0.559792 0.010742 0.034662
1 0.907227 0.552860 0.013672 0.025997
1 0.856445 0.542461 0.010742 0.024263
1 0.825195 0.604853 0.020508 0.046794
1 0.840820 0.590988 0.011719 0.025997
1 0.833008 0.551127 0.008789 0.025997
1 0.814453 0.544194 0.012695 0.025997
1 0.791016 0.563258 0.012695 0.025997
1 0.769531 0.651646 0.023438 0.043328
1 0.761719 0.571924 0.012695 0.027730
1 0.806641 0.532062 0.007813 0.020797
1 0.754883 0.538995 0.005859 0.020797
1 0.749023 0.653380 0.015625 0.053726
1 0.724609 0.590988 0.015625 0.039861
1 0.732422 0.549393 0.012695 0.027730
1 0.693359 0.577123 0.013672 0.031196
1 0.671875 0.608319 0.021484 0.048527
1 0.671875 0.556326 0.010742 0.022530
1 0.640625 0.738302 0.037109 0.076256
1 0.583008 0.670711 0.020508 0.046794
1 0.637695 0.580589 0.015625 0.034662
1 0.587891 0.592721 0.021484 0.050260
1 0.654297 0.545927 0.010742 0.024263
1 0.651367 0.594454 0.010742 0.025997
1 0.599609 0.545927 0.009766 0.022530
1 0.528320 0.610052 0.021484 0.045061
1 0.547852 0.613518 0.013672 0.031196
1 0.503906 0.584055 0.016602 0.043328
1 0.488281 0.658579 0.016602 0.045061
1 0.490234 0.551127 0.014648 0.032929
1 0.430664 0.694974 0.037109 0.074523
1 0.435547 0.580589 0.015625 0.038128
1 0.450195 0.566724 0.010742 0.022530
1 0.382813 0.610052 0.019531 0.038128
1 0.362305 0.549393 0.005859 0.020797
1 0.330078 0.558059 0.009766 0.020797
1 0.352539 0.490468 0.008789 0.020797
1 0.285156 0.838821 0.052734 0.116118
1 0.239258 0.682842 0.032227 0.074523
1 0.279297 0.566724 0.021484 0.050260
1 0.239258 0.549393 0.010742 0.029463
1 0.167969 0.608319 0.030273 0.065858
1 0.206055 0.512998 0.009766 0.020797
1 0.232422 0.532062 0.007813 0.025997
1 0.169922 0.540728 0.012695 0.025997
1 0.045898 0.585789 0.026367 0.062392
1 0.081055 0.568458 0.015625 0.029463
1 0.127930 0.596187 0.017578 0.029463
1 0.007813 0.651646 0.015625 0.079723
1 0.002930 0.540728 0.005859 0.041594
1 0.813477 0.913345 0.057617 0.112652
1 0.094727 0.549393 0.011719 0.029463