1 0.979492 0.420573 0.013672 0.027344
1 0.926758 0.421875 0.017578 0.027344
1 0.904297 0.417969 0.012695 0.028646
1 0.873047 0.411458 0.009766 0.031250
1 0.806641 0.412760 0.014648 0.023438
1 0.783203 0.398438 0.012695 0.023438
1 0.756836 0.412760 0.012695 0.027344
1 0.621094 0.412760 0.015625 0.027344
1 0.597656 0.390625 0.014648 0.026042
1 0.578125 0.399740 0.014648 0.027344
1 0.556641 0.391927 0.012695 0.022135
1 0.533203 0.388021 0.013672 0.027344
1 0.521484 0.390625 0.012695 0.027344
1 0.508789 0.393229 0.010742 0.022135
1 0.493164 0.398438 0.014648 0.029948
1 0.427734 0.406250 0.018555 0.032552
1 0.435547 0.380208 0.013672 0.024740
1 0.415039 0.393229 0.012695 0.027344
1 0.361328 0.389323 0.017578 0.032552
1 0.327148 0.397135 0.014648 0.026042
1 0.272461 0.410156 0.011719 0.024740
1 0.301758 0.380208 0.011719 0.024740
1 0.259766 0.390625 0.013672 0.022135
1 0.210938 0.389323 0.013672 0.026042
1 0.174805 0.377604 0.012695 0.023438
1 0.154297 0.376302 0.013672 0.023438
1 0.133789 0.404948 0.018555 0.032552
1 0.102539 0.371094 0.014648 0.026042
1 0.085938 0.371094 0.018555 0.029948
1 0.072266 0.375000 0.015625 0.026042
1 0.050781 0.391927 0.010742 0.036458
1 0.058594 0.384115 0.009766 0.027344
1 0.020508 0.385417 0.014648 0.035156
1 0.008789 0.391927 0.016602 0.046875