0 0.537500 0.425000 0.040000 0.050000
0 0.782500 0.485000 0.036250 0.043333
1 0.876250 0.493333 0.041250 0.046667
1 0.717500 0.446667 0.038750 0.041667
1 0.657500 0.411667 0.035000 0.041667
1 0.470000 0.416667 0.033750 0.048333
1 0.367500 0.408333 0.040000 0.048333
1 0.442500 0.396667 0.031250 0.040000
0 0.200000 0.403333 0.041250 0.051667
0 0.282500 0.403333 0.033750 0.051667
0 0.250000 0.558333 0.031250 0.045000
0 0.616250 0.430000 0.041250 0.048333
0 0.071250 0.440000 0.021250 0.028333
1 0.842500 0.458333 0.022500 0.026667