1 0.044922 0.212240 0.023438 0.040365
1 0.030273 0.307292 0.027344 0.046875
1 0.147461 0.101563 0.022461 0.039063
1 0.218750 0.098958 0.021484 0.022135
1 0.193359 0.135417 0.016602 0.035156
1 0.278320 0.123698 0.018555 0.036458
1 0.359375 0.109375 0.019531 0.033854
1 0.424805 0.102865 0.023438 0.029948
1 0.388672 0.095052 0.017578 0.032552
1 0.450195 0.087240 0.015625 0.020833
1 0.469727 0.062500 0.016602 0.036458
1 0.529297 0.084635 0.016602 0.035156
1 0.574219 0.100260 0.018555 0.028646
1 0.669922 0.079427 0.016602 0.027344
1 0.837891 0.110677 0.021484 0.036458
1 0.930664 0.337240 0.025391 0.046875
1 0.724609 0.350260 0.026367 0.035156
1 0.748047 0.345052 0.019531 0.055990
1 0.671875 0.341146 0.032227 0.054688
1 0.555664 0.368490 0.027344 0.048177
1 0.566406 0.342448 0.027344 0.055990
1 0.469727 0.352865 0.027344 0.052083
1 0.412109 0.339844 0.028320 0.050781
1 0.374023 0.364583 0.027344 0.055990
1 0.356445 0.341146 0.025391 0.046875
1 0.304688 0.337240 0.030273 0.052083
1 0.232422 0.337240 0.024414 0.052083
1 0.191406 0.333333 0.029297 0.057292
1 0.135742 0.305990 0.031250 0.053385
1 0.749023 0.083333 0.022461 0.042969
1 0.897461 0.111979 0.021484 0.036458
1 0.012695 0.100260 0.019531 0.032552