1 0.136719 0.234043 0.020508 0.046099
1 0.146484 0.186170 0.021484 0.035461
1 0.182617 0.168440 0.019531 0.039007
1 0.237305 0.102837 0.019531 0.040780
1 0.226563 0.251773 0.020508 0.039007
1 0.346680 0.187943 0.020508 0.035461
1 0.482422 0.262411 0.019531 0.039007
1 0.625000 0.093972 0.019531 0.042553
1 0.775391 0.140071 0.022461 0.047872
1 0.871094 0.297872 0.023438 0.049645
1 0.958984 0.205674 0.022461 0.044326
1 0.007813 0.117021 0.014648 0.031915
1 0.057617 0.248227 0.021484 0.035461