1 0.105469 0.298780 0.015625 0.030488
1 0.079102 0.296341 0.012695 0.025610
1 0.064453 0.240244 0.010742 0.026829
1 0.038086 0.252439 0.012695 0.026829
1 0.034180 0.300000 0.015625 0.023171
1 0.036133 0.504878 0.027344 0.048780
1 0.080078 0.485366 0.025391 0.042683
1 0.105469 0.509756 0.016602 0.026829
1 0.149414 0.504878 0.025391 0.045122
1 0.192383 0.518293 0.030273 0.041463
1 0.349609 0.175610 0.041992 0.096341
1 0.592773 0.335366 0.045898 0.079268
1 0.407227 0.535366 0.013672 0.026829
1 0.669922 0.253659 0.039063 0.062195
1 0.785156 0.548780 0.018555 0.034146
1 0.839844 0.547561 0.020508 0.035366
1 0.877930 0.567073 0.014648 0.024390