1 0.892578 0.296348 0.060547 0.106742
1 0.781250 0.199438 0.058594 0.103933
1 0.708984 0.192416 0.052734 0.103933
1 0.755859 0.400281 0.057617 0.095506
1 0.562500 0.255618 0.054688 0.095506
1 0.629883 0.171348 0.052734 0.089888
1 0.541016 0.113764 0.054688 0.096910
1 0.419922 0.139045 0.055664 0.096910
1 0.437500 0.276685 0.056641 0.115169
1 0.283203 0.238764 0.055664 0.098315
1 0.202148 0.158708 0.052734 0.094101
1 0.118164 0.200843 0.062500 0.115169
1 0.387695 0.570225 0.072266 0.129213
1 0.552734 0.584270 0.061523 0.103933
1 0.613281 0.705056 0.064453 0.112360
1 0.710938 0.546348 0.057617 0.096910
1 0.815430 0.609551 0.059570 0.113764