1 0.143555 0.329032 0.020508 0.062366
1 0.168945 0.329032 0.018555 0.060215
1 0.201172 0.337634 0.015625 0.045161
1 0.271484 0.341935 0.018555 0.058065
1 0.291016 0.354839 0.016602 0.049462
1 0.348633 0.337634 0.018555 0.049462
1 0.400391 0.363441 0.016602 0.053763
1 0.418945 0.344086 0.012695 0.045161
1 0.436523 0.326882 0.014648 0.045161
1 0.487305 0.387097 0.016602 0.040860
1 0.516602 0.356989 0.013672 0.038710
1 0.547852 0.376344 0.011719 0.036559
1 0.563477 0.363441 0.013672 0.040860
1 0.584961 0.356989 0.013672 0.032258
1 0.594727 0.367742 0.008789 0.027957
1 0.609375 0.359140 0.010742 0.036559
1 0.629883 0.352688 0.014648 0.032258
1 0.654297 0.350538 0.011719 0.030108
1 0.667969 0.322581 0.013672 0.040860
1 0.701172 0.329032 0.012695 0.034409
1 0.809570 0.415054 0.012695 0.034409
1 0.770508 0.341935 0.013672 0.038710
1 0.805664 0.352688 0.011719 0.027957
1 0.824219 0.359140 0.009766 0.023656
1 0.851563 0.376344 0.011719 0.027957
1 0.892578 0.389247 0.018555 0.053763
1 0.913086 0.346237 0.009766 0.021505
1 0.926758 0.389247 0.014648 0.040860
1 0.943359 0.356989 0.010742 0.027957
1 0.974609 0.352688 0.011719 0.030108
1 0.070313 0.318280 0.016602 0.040860