1 0.237305 0.177680 0.017578 0.029369
1 0.268555 0.215859 0.016602 0.029369
1 0.331055 0.195301 0.020508 0.036711
1 0.404297 0.293686 0.016602 0.030837
1 0.501953 0.280470 0.017578 0.033774
1 0.215820 0.406755 0.017578 0.052863
1 0.375977 0.397944 0.022461 0.049927
1 0.517578 0.364170 0.021484 0.046990
1 0.783203 0.349486 0.014648 0.041116
1 0.906250 0.487518 0.027344 0.045521
1 0.625977 0.195301 0.016602 0.030837
1 0.742188 0.237885 0.018555 0.036711
1 0.765625 0.174743 0.017578 0.032305
1 0.658203 0.389134 0.017578 0.038179