1 0.145508 0.309896 0.037109 0.058594
1 0.165039 0.380208 0.038086 0.063802
1 0.266602 0.334635 0.025391 0.053385
1 0.335938 0.333333 0.023438 0.044271
1 0.372070 0.332031 0.035156 0.055990
1 0.459961 0.381510 0.032227 0.061198
1 0.546875 0.290365 0.026367 0.049479
1 0.536133 0.378906 0.028320 0.058594
1 0.568359 0.415365 0.039063 0.057292
1 0.606445 0.350260 0.033203 0.053385
1 0.704102 0.393229 0.040039 0.063802
1 0.721680 0.330729 0.036133 0.062500
1 0.816406 0.324219 0.041016 0.070313