0 0.201172 0.292086 0.043945 0.061871
0 0.320313 0.290647 0.044922 0.066187
0 0.433594 0.315108 0.055664 0.076259
0 0.100586 0.277698 0.025391 0.047482
0 0.314453 0.225899 0.031250 0.048921
0 0.244141 0.233094 0.020508 0.038849
0 0.404297 0.258993 0.045898 0.076259
0 0.860352 0.287770 0.044922 0.066187
0 0.703125 0.244604 0.042969 0.063309
0 0.600586 0.254676 0.041992 0.064748
1 0.762695 0.266187 0.036133 0.083453
0 0.898438 0.221583 0.028320 0.050360
0 0.101563 0.329496 0.018555 0.056115