1 0.971680 0.412760 0.055664 0.130208
1 0.867188 0.373698 0.035156 0.065104
1 0.836914 0.350260 0.028320 0.049479
1 0.807617 0.335938 0.019531 0.027344
1 0.709961 0.321615 0.016602 0.023438
1 0.676758 0.338542 0.023438 0.039063
1 0.520508 0.365885 0.041016 0.070313
1 0.606445 0.321615 0.014648 0.026042
1 0.543945 0.312500 0.019531 0.029948
1 0.478516 0.313802 0.014648 0.028646
1 0.473633 0.292969 0.012695 0.022135
1 0.406250 0.319010 0.017578 0.031250
1 0.344727 0.291667 0.013672 0.022135
1 0.320313 0.316406 0.021484 0.041667
1 0.292969 0.281250 0.013672 0.022135
1 0.284180 0.305990 0.012695 0.024740
1 0.157227 0.292969 0.017578 0.029948
1 0.171875 0.360677 0.039063 0.058594
1 0.091797 0.300781 0.025391 0.048177
1 0.052734 0.294271 0.016602 0.027344