0 0.082031 0.243045 0.035156 0.060029
0 0.170898 0.250366 0.041016 0.070278
1 0.222656 0.197657 0.029297 0.040996
1 0.252930 0.156662 0.039063 0.058565
1 0.353516 0.194729 0.045898 0.067350
0 0.501953 0.235725 0.050781 0.090776
0 0.534180 0.180088 0.022461 0.058565
1 0.596680 0.178624 0.042969 0.067350
0 0.658203 0.166911 0.042969 0.070278
0 0.822266 0.146413 0.056641 0.099561
0 0.749023 0.125915 0.026367 0.046852
0 0.717773 0.194729 0.026367 0.042460
1 0.058594 0.166911 0.030273 0.051245