1 0.060325 0.483478 0.092807 0.139130
1 0.087007 0.120000 0.067285 0.095652
0 0.146172 0.088696 0.054524 0.095652
0 0.309745 0.045217 0.055684 0.085217
1 0.228538 0.116522 0.071926 0.109565
1 0.263341 0.283478 0.045244 0.076522
1 0.215777 0.476522 0.085847 0.130435
1 0.157773 0.640000 0.109049 0.111304
0 0.209977 0.876522 0.131090 0.219130
1 0.357309 0.659130 0.140371 0.160000
1 0.323666 0.377391 0.091647 0.125217
1 0.344548 0.135652 0.071926 0.078261
1 0.439675 0.151304 0.064965 0.090435
0 0.500000 0.113043 0.071926 0.099130
0 0.488399 0.349565 0.089327 0.130435
1 0.569606 0.260870 0.062645 0.099130
1 0.628770 0.111304 0.077726 0.114783
1 0.734339 0.107826 0.069606 0.078261
1 0.744780 0.266087 0.062645 0.088696
0 0.679814 0.426087 0.098608 0.154783
1 0.634571 0.664348 0.090487 0.125217
0 0.752900 0.794783 0.100928 0.144348
0 0.828306 0.497391 0.090487 0.137391
1 0.865429 0.144348 0.060325 0.093913
1 0.975638 0.088696 0.048724 0.073043
0 0.923434 0.314783 0.073086 0.097391