0 0.070000 0.917969 0.107500 0.162109
0 0.195000 0.796875 0.070000 0.111328
0 0.303750 0.742188 0.128750 0.228516
0 0.495000 0.615234 0.077500 0.166016
0 0.322500 0.244141 0.045000 0.074219
0 0.400000 0.113281 0.036250 0.056641
0 0.423750 0.248047 0.035000 0.068359
0 0.498750 0.140625 0.028750 0.044922
0 0.592500 0.154297 0.036250 0.060547
0 0.566250 0.375000 0.037500 0.068359
0 0.692500 0.564453 0.102500 0.160156
0 0.757500 0.193359 0.035000 0.054688
1 0.848750 0.343750 0.037500 0.058594
1 0.665000 0.201172 0.036250 0.060547
1 0.447500 0.457031 0.048750 0.076172