1 0.112305 0.741379 0.018555 0.029454
1 0.143555 0.874282 0.023438 0.019397
1 0.534180 0.781609 0.022461 0.021552
1 0.353516 0.665948 0.025391 0.021552
1 0.628906 0.649425 0.023438 0.019397
1 0.376953 0.485632 0.022461 0.018678
1 0.274414 0.698276 0.020508 0.015086
1 0.066406 0.077586 0.022461 0.017960
1 0.112305 0.742098 0.018555 0.028736
1 0.365234 0.766523 0.011719 0.020833
1 0.339844 0.509339 0.025391 0.020115
1 0.373047 0.510057 0.022461 0.019397
1 0.465820 0.525144 0.023438 0.012213
1 0.322266 0.505747 0.023438 0.017960
1 0.283203 0.516523 0.026367 0.020115
1 0.304688 0.559626 0.027344 0.020115
1 0.201172 0.530891 0.023438 0.014368
1 0.333008 0.566092 0.027344 0.013649