1 0.316406 0.170088 0.024414 0.057185
1 0.026367 0.458944 0.044922 0.099707
1 0.130859 0.561584 0.041016 0.086510
1 0.836914 0.485337 0.029297 0.061584
1 0.904297 0.436950 0.028320 0.048387
1 0.970703 0.212610 0.037109 0.071848
1 0.880859 0.170088 0.022461 0.057185
1 0.808594 0.560117 0.042969 0.064516
1 0.758789 0.491202 0.032227 0.067449
1 0.704102 0.369501 0.025391 0.051320
1 0.731445 0.331378 0.016602 0.026393
1 0.041016 0.788856 0.061523 0.171554
1 0.291992 0.696481 0.061523 0.105572
1 0.510742 0.689150 0.055664 0.092375
1 0.816406 0.639296 0.057617 0.107038
1 0.972656 0.668622 0.052734 0.129032
1 0.967773 0.796188 0.063477 0.153959
1 0.936523 0.239003 0.017578 0.043988
1 0.187500 0.183284 0.039063 0.076246
1 0.048828 0.167155 0.044922 0.098240
1 0.224609 0.209677 0.022461 0.041056
1 0.361328 0.200880 0.022461 0.052786
1 0.388672 0.228739 0.019531 0.046921
1 0.494141 0.228739 0.044922 0.082111
1 0.008789 0.184751 0.013672 0.026393