1 0.744141 0.613281 0.034180 0.065104
1 0.698242 0.593750 0.021484 0.046875
1 0.776367 0.500000 0.017578 0.026042
1 0.708008 0.430990 0.016602 0.020833
1 0.652344 0.475260 0.014648 0.024740
1 0.964844 0.558594 0.020508 0.035156
1 0.395508 0.557292 0.017578 0.035156
1 0.341797 0.524740 0.017578 0.031250
1 0.209961 0.528646 0.015625 0.026042
1 0.164063 0.522135 0.017578 0.029948
1 0.115234 0.470052 0.034180 0.062500
1 0.100586 0.736979 0.032227 0.087240
1 0.518555 0.406250 0.014648 0.024740