1 0.107422 0.497738 0.044922 0.253394
1 0.010742 0.411765 0.022461 0.167421
1 0.171875 0.352941 0.021484 0.158371
1 0.217773 0.411765 0.017578 0.108597
1 0.260742 0.384615 0.017578 0.104072
1 0.318359 0.524887 0.026367 0.176471
1 0.296875 0.307692 0.013672 0.095023
1 0.142578 0.285068 0.013672 0.081448
1 0.254883 0.221719 0.012695 0.076923
1 0.249023 0.886878 0.056641 0.226244
1 0.382813 0.619910 0.032227 0.194570
1 0.442383 0.538462 0.026367 0.162896
1 0.458984 0.294118 0.016602 0.099548
1 0.475586 0.280543 0.016602 0.099548
1 0.500977 0.520362 0.031250 0.176471
1 0.555664 0.814480 0.048828 0.285068
1 0.592773 0.393665 0.016602 0.117647
1 0.781250 0.330317 0.024414 0.131222
1 0.731445 0.633484 0.058594 0.361991
1 0.845703 0.520362 0.013672 0.113122