1 0.856445 0.353226 0.024414 0.051613
1 0.794922 0.351613 0.020508 0.035484
1 0.697266 0.343548 0.022461 0.045161
1 0.650391 0.354839 0.021484 0.043548
1 0.588867 0.380645 0.018555 0.032258
1 0.535156 0.380645 0.013672 0.025806
1 0.508789 0.367742 0.021484 0.040323
1 0.435547 0.379032 0.014648 0.032258
1 0.467773 0.448387 0.014648 0.027419
1 0.401367 0.454839 0.016602 0.030645
1 0.378906 0.419355 0.015625 0.032258
1 0.372070 0.500000 0.014648 0.024194
1 0.343750 0.490323 0.013672 0.027419
1 0.357422 0.417742 0.011719 0.022581
1 0.326172 0.419355 0.014648 0.029032
1 0.293945 0.424194 0.014648 0.030645
1 0.293945 0.480645 0.014648 0.030645
1 0.251953 0.446774 0.016602 0.030645
1 0.219727 0.429032 0.013672 0.024194
1 0.196289 0.396774 0.015625 0.033871
1 0.198242 0.504839 0.012695 0.025806
1 0.127930 0.516129 0.013672 0.030645
1 0.143555 0.382258 0.013672 0.027419
1 0.081055 0.387097 0.017578 0.038710
1 0.255859 0.412903 0.015625 0.032258