1 0.146484 0.236527 0.009766 0.034431
1 0.173828 0.356287 0.029297 0.055389
1 0.203125 0.315868 0.020508 0.049401
1 0.250000 0.440120 0.016602 0.037425
1 0.852539 0.223054 0.016602 0.031437
1 0.938477 0.205090 0.013672 0.031437
1 0.901367 0.664671 0.056641 0.091317
1 0.784180 0.576347 0.048828 0.089820
1 0.791016 0.453593 0.045898 0.080838
1 0.621094 0.476048 0.032227 0.097305
1 0.495117 0.522455 0.029297 0.080838
1 0.548828 0.473054 0.035156 0.079341
1 0.493164 0.458084 0.038086 0.068862
1 0.395508 0.390719 0.028320 0.067365
1 0.332031 0.444611 0.022461 0.065868
1 0.287109 0.377246 0.026367 0.058383
1 0.364258 0.419162 0.021484 0.062874
1 0.005859 0.314371 0.012695 0.053892
1 0.068359 0.297904 0.018555 0.034431
1 0.132813 0.250000 0.014648 0.035928