1 0.073242 0.301563 0.017578 0.032813
1 0.095703 0.256250 0.017578 0.031250
1 0.118164 0.290625 0.015625 0.032813
1 0.105469 0.320313 0.017578 0.032813
1 0.149414 0.278125 0.016602 0.026562
1 0.171875 0.295312 0.011719 0.034375
1 0.197266 0.326562 0.011719 0.029687
1 0.033203 0.243750 0.022461 0.031250
1 0.231445 0.301563 0.010742 0.031250
1 0.316406 0.365625 0.011719 0.028125
1 0.275391 0.337500 0.010742 0.023438
1 0.289063 0.334375 0.010742 0.025000
1 0.355469 0.396875 0.008789 0.021875