1 0.796875 0.502140 0.026367 0.042796
1 0.802734 0.416548 0.021484 0.042796
1 0.868164 0.402282 0.030273 0.054208
1 0.941406 0.398003 0.032227 0.049929
1 0.744141 0.423680 0.023438 0.044223
1 0.688477 0.390870 0.027344 0.045649
1 0.696289 0.485021 0.027344 0.051355
1 0.610352 0.362340 0.026367 0.047076
1 0.597656 0.496434 0.029297 0.052782
1 0.540039 0.369472 0.026367 0.044223
1 0.507813 0.492154 0.026367 0.049929
1 0.489258 0.382311 0.023438 0.047076
1 0.409180 0.679030 0.027344 0.038516
1 0.413086 0.489301 0.025391 0.049929
1 0.424805 0.366619 0.021484 0.039943
1 0.346680 0.369472 0.023438 0.039943
1 0.326172 0.492154 0.023438 0.052782
1 0.267578 0.398003 0.026367 0.045649
1 0.243164 0.496434 0.026367 0.048502
1 0.135742 0.487874 0.028320 0.055635
1 0.187500 0.383738 0.026367 0.049929
1 0.126953 0.376605 0.024414 0.052782
1 0.042969 0.362340 0.026367 0.048502