1 0.917969 0.228682 0.035156 0.081395
1 0.844727 0.211240 0.033203 0.077519
1 0.811523 0.189922 0.030273 0.069767
1 0.760742 0.232558 0.029297 0.069767
1 0.712891 0.191860 0.029297 0.069767
1 0.687500 0.174419 0.025391 0.060078
1 0.658203 0.236434 0.027344 0.054264
1 0.620117 0.217054 0.025391 0.065891
1 0.586914 0.178295 0.026367 0.062016
1 0.555664 0.215116 0.028320 0.060078
1 0.531250 0.174419 0.026367 0.065891
1 0.505859 0.184109 0.026367 0.065891
1 0.475586 0.246124 0.025391 0.062016
1 0.440430 0.217054 0.026367 0.063953
1 0.404297 0.248062 0.024414 0.060078
1 0.378906 0.220930 0.026367 0.065891
1 0.333984 0.195736 0.027344 0.067829
1 0.294922 0.220930 0.027344 0.069767
1 0.248047 0.170543 0.029297 0.067829
1 0.227539 0.230620 0.032227 0.073643
1 0.144531 0.217054 0.031250 0.077519
1 0.073242 0.155039 0.034180 0.079457