1 0.907227 0.326823 0.032227 0.053385
1 0.849609 0.329427 0.034180 0.055990
1 0.754883 0.342448 0.037109 0.062500
1 0.695313 0.303385 0.029297 0.049479
1 0.686523 0.355469 0.036133 0.058594
1 0.592773 0.316406 0.033203 0.054688
1 0.518555 0.316406 0.034180 0.057292
1 0.389648 0.292969 0.032227 0.053385
1 0.380859 0.253906 0.023438 0.035156
1 0.437500 0.389323 0.053711 0.088542
1 0.299805 0.369792 0.042969 0.070313
1 0.229492 0.286458 0.030273 0.041667
1 0.160156 0.276042 0.030273 0.055990
1 0.149414 0.330729 0.036133 0.055990
1 0.108398 0.365885 0.050781 0.083333
1 0.179688 0.489583 0.057617 0.085938