0 0.033000 0.303030 0.034000 0.087344
0 0.113000 0.279857 0.047000 0.089127
0 0.258000 0.620321 0.035000 0.062389
0 0.305000 0.438503 0.038000 0.078431
0 0.349000 0.363636 0.036000 0.062389
0 0.418000 0.409982 0.042000 0.064171
0 0.466000 0.408200 0.033000 0.057041
0 0.571000 0.377897 0.033000 0.065954
0 0.638000 0.392157 0.034000 0.065954
0 0.723000 0.329768 0.034000 0.062389
1 0.220000 0.338681 0.037000 0.078431
1 0.313000 0.352941 0.029000 0.048128
1 0.532000 0.390374 0.031000 0.067736
1 0.394000 0.370766 0.036000 0.067736