1 0.010742 0.065649 0.021484 0.085496
1 0.040039 0.328244 0.044922 0.077863
1 0.036133 0.499237 0.048828 0.080916
1 0.156250 0.538931 0.044922 0.076336
1 0.206055 0.239695 0.049805 0.067176
1 0.303711 0.374046 0.054688 0.112977
1 0.432617 0.296183 0.041016 0.064122
1 0.509766 0.389313 0.048828 0.114504
1 0.565430 0.287023 0.048828 0.076336
1 0.773438 0.030534 0.041016 0.056489
1 0.894531 0.018321 0.041016 0.038168
1 0.741211 0.299237 0.047852 0.067176
1 0.933594 0.297710 0.045898 0.068702
1 0.880859 0.458015 0.051758 0.126718
1 0.789063 0.473282 0.048828 0.099237
1 0.686523 0.419847 0.055664 0.102290
1 0.994141 0.465649 0.010742 0.051908
1 0.939453 0.943511 0.047852 0.079389
1 0.037109 0.751145 0.035156 0.070229
1 0.198242 0.951145 0.042969 0.085496
1 0.299805 0.954198 0.040039 0.088550
1 0.485352 0.922137 0.044922 0.064122