1 0.030273 0.073099 0.015625 0.038012
1 0.091797 0.016082 0.016602 0.029240
1 0.156250 0.011696 0.021484 0.024854
1 0.247070 0.016082 0.016602 0.027778
1 0.063477 0.127193 0.019531 0.040936
1 0.134766 0.173977 0.020508 0.036550
1 0.140625 0.081871 0.018555 0.036550
1 0.197266 0.144737 0.017578 0.030702
1 0.055664 0.292398 0.021484 0.032164
1 0.126953 0.298246 0.019531 0.038012
1 0.256836 0.364035 0.018555 0.032164
1 0.004883 0.359649 0.009766 0.033626
1 0.177734 0.445906 0.019531 0.033626
1 0.039063 0.523392 0.015625 0.026316
1 0.111328 0.586257 0.020508 0.036550
1 0.178711 0.584795 0.019531 0.036550
1 0.234375 0.589181 0.018555 0.032164
1 0.250977 0.513158 0.021484 0.033626
1 0.010742 0.596491 0.018555 0.030702
1 0.039063 0.687135 0.018555 0.032164
1 0.043945 0.738304 0.021484 0.035088
1 0.018555 0.899123 0.020508 0.026316
1 0.084961 0.831871 0.015625 0.036550
1 0.135742 0.669591 0.014648 0.029240
1 0.147461 0.750000 0.020508 0.038012
1 0.165039 0.668129 0.018555 0.038012
1 0.166992 0.818713 0.021484 0.043860
1 0.234375 0.897661 0.019531 0.036550
1 0.230469 0.801170 0.019531 0.038012
1 0.228516 0.744152 0.023438 0.038012
1 0.246094 0.719298 0.015625 0.033626
1 0.274414 0.845029 0.018555 0.035088
1 0.073242 0.940058 0.019531 0.029240
1 0.063477 0.980994 0.018555 0.032164
1 0.286133 0.916667 0.019531 0.035088
1 0.320313 0.979532 0.017578 0.033626
1 0.348633 0.036550 0.017578 0.026316
1 0.333984 0.140351 0.018555 0.033626
1 0.469727 0.130117 0.019531 0.035088
1 0.482422 0.102339 0.011719 0.032164
1 0.458984 0.226608 0.019531 0.033626
1 0.398438 0.204678 0.018555 0.030702
1 0.325195 0.235380 0.017578 0.029240
1 0.328125 0.353801 0.017578 0.032164
1 0.317383 0.508772 0.022461 0.035088
1 0.326172 0.589181 0.020508 0.035088
1 0.375977 0.593567 0.021484 0.033626
1 0.399414 0.519006 0.019531 0.035088
1 0.483398 0.508772 0.020508 0.035088
1 0.464844 0.352339 0.017578 0.036550
1 0.505859 0.421053 0.019531 0.035088
1 0.543945 0.343567 0.017578 0.033626
1 0.585938 0.437135 0.019531 0.035088
1 0.563477 0.589181 0.017578 0.036550
1 0.494141 0.644737 0.019531 0.040936
1 0.443359 0.656433 0.020508 0.035088
1 0.321289 0.690058 0.019531 0.035088
1 0.322266 0.764620 0.012695 0.030702
1 0.359375 0.823099 0.020508 0.033626
1 0.374023 0.919591 0.020508 0.032164
1 0.411133 0.893275 0.018555 0.042398
1 0.432617 0.827485 0.019531 0.035088
1 0.501953 0.711988 0.017578 0.040936
1 0.497070 0.805556 0.019531 0.038012
1 0.563477 0.747076 0.017578 0.036550
1 0.558594 0.809942 0.022461 0.039474
1 0.557617 0.875731 0.019531 0.038012
1 0.503906 0.954678 0.020508 0.036550
1 0.422852 0.970760 0.021484 0.026316
1 0.575195 0.982456 0.019531 0.032164
1 0.636719 0.985380 0.018555 0.023392
1 0.760742 0.016082 0.015625 0.029240
1 0.616211 0.068713 0.019531 0.032164
1 0.723633 0.073099 0.019531 0.026316
1 0.812500 0.081871 0.013672 0.029240
1 0.677734 0.147661 0.017578 0.033626
1 0.658203 0.171053 0.016602 0.035088
1 0.656250 0.195906 0.013672 0.029240
1 0.731445 0.160819 0.013672 0.030702
1 0.741211 0.216374 0.019531 0.036550
1 0.540039 0.095029 0.020508 0.035088
1 0.543945 0.165205 0.016602 0.032164
1 0.535156 0.222222 0.018555 0.030702
1 0.563477 0.217836 0.019531 0.032164
1 0.524414 0.280702 0.020508 0.032164
1 0.588867 0.251462 0.016602 0.036550
1 0.666016 0.260234 0.020508 0.036550
1 0.927734 0.036550 0.014648 0.021930
1 0.860352 0.074561 0.019531 0.036550
1 0.875977 0.121345 0.018555 0.035088
1 0.940430 0.065789 0.018555 0.030702
1 0.937500 0.185673 0.017578 0.030702
1 0.983398 0.077485 0.019531 0.033626
1 0.990234 0.222222 0.014648 0.032164
1 0.808594 0.302632 0.014648 0.030702
1 0.861328 0.296784 0.017578 0.032164
1 0.875977 0.308480 0.012695 0.032164
1 0.876953 0.371345 0.016602 0.030702
1 0.916016 0.364035 0.019531 0.033626
1 0.730469 0.339181 0.020508 0.026316
1 0.744141 0.421053 0.020508 0.036550
1 0.809570 0.441520 0.017578 0.036550
1 0.854492 0.440058 0.018555 0.033626
1 0.922852 0.410819 0.011719 0.035088
1 0.993164 0.302632 0.010742 0.030702
1 0.991211 0.423977 0.015625 0.035088
1 0.665039 0.406433 0.018555 0.039474
1 0.655273 0.502924 0.016602 0.026316
1 0.724609 0.520468 0.018555 0.026316
1 0.742188 0.573099 0.021484 0.033626
1 0.647461 0.578947 0.021484 0.035088
1 0.705078 0.672515 0.013672 0.030702
1 0.795898 0.492690 0.017578 0.030702
1 0.786133 0.590643 0.018555 0.033626
1 0.802734 0.662281 0.019531 0.030702
1 0.869141 0.502924 0.020508 0.036550
1 0.898438 0.628655 0.020508 0.035088
1 0.938477 0.521930 0.015625 0.032164
1 0.990234 0.573099 0.015625 0.038012
1 0.981445 0.635965 0.020508 0.033626
1 0.635742 0.764620 0.017578 0.033626
1 0.642578 0.811404 0.020508 0.035088
1 0.703125 0.818713 0.019531 0.033626
1 0.661133 0.894737 0.011719 0.030702
1 0.698242 0.950292 0.020508 0.038012
1 0.710938 0.919591 0.016602 0.033626
1 0.770508 0.893275 0.020508 0.039474
1 0.781250 0.785088 0.020508 0.038012
1 0.852539 0.979532 0.019531 0.030702
1 0.904297 0.948830 0.017578 0.039474
1 0.912109 0.897661 0.019531 0.039474
1 0.841797 0.891813 0.025391 0.055556
1 0.926758 0.726608 0.019531 0.035088
1 0.970703 0.967836 0.022461 0.030702
1 0.784180 0.298246 0.016602 0.032164
1 0.748047 0.293860 0.018555 0.038012
1 0.869141 0.757310 0.016602 0.029240
1 0.581055 0.656433 0.018555 0.042398
1 0.362305 0.671053 0.019531 0.032164
1 0.429688 0.654971 0.017578 0.036550
1 0.482422 0.590643 0.019531 0.029240
1 0.564453 0.530702 0.017578 0.033626
1 0.093750 0.770468 0.019531 0.032164
1 0.129883 0.934211 0.019531 0.046784
1 0.616211 0.385965 0.017578 0.036550
1 0.016602 0.831871 0.020508 0.036550
0 0.205144 0.018270 0.022727 0.031669
0 0.012859 0.162607 0.019737 0.037759
0 0.038278 0.439708 0.022727 0.048721
0 0.122608 0.380024 0.019139 0.048721
0 0.109749 0.443362 0.023325 0.048721
0 0.191687 0.334957 0.022129 0.046285
0 0.199462 0.281364 0.020933 0.051157
0 0.248505 0.439099 0.020933 0.047503
0 0.322667 0.436054 0.023325 0.046285
0 0.406998 0.421437 0.024522 0.046285