1 0.013672 0.434896 0.020508 0.031250
1 0.068359 0.398438 0.016602 0.031250
1 0.169922 0.503906 0.034180 0.045573
1 0.157227 0.438802 0.028320 0.035156
1 0.272461 0.346354 0.020508 0.031250
1 0.188477 0.304688 0.015625 0.023438
1 0.285156 0.266927 0.016602 0.028646
1 0.310547 0.447917 0.029297 0.048177
1 0.329102 0.407552 0.024414 0.032552
1 0.343750 0.351563 0.017578 0.029948
1 0.362305 0.320313 0.016602 0.022135
1 0.367188 0.395833 0.022461 0.041667
1 0.389648 0.352865 0.020508 0.033854
1 0.420898 0.339844 0.017578 0.028646
1 0.428711 0.406250 0.025391 0.036458
1 0.453125 0.350260 0.020508 0.035156
1 0.453125 0.479167 0.039063 0.037760
1 0.489258 0.420573 0.023438 0.045573
1 0.511719 0.333333 0.017578 0.032552
1 0.524414 0.363281 0.018555 0.027344
1 0.550781 0.424479 0.028320 0.042969
1 0.576172 0.539063 0.039063 0.069010
1 0.579102 0.341146 0.016602 0.026042
1 0.639648 0.334635 0.013672 0.029948
1 0.647461 0.367188 0.018555 0.033854
1 0.645508 0.437500 0.027344 0.048177
1 0.678711 0.558594 0.042969 0.062500
1 0.723633 0.326823 0.015625 0.033854
1 0.726563 0.386719 0.019531 0.036458
1 0.754883 0.399740 0.037109 0.059896
1 0.797852 0.406250 0.024414 0.036458
1 0.796875 0.567708 0.045898 0.054688
1 0.859375 0.462240 0.036133 0.055990
1 0.904297 0.386719 0.028320 0.042969
1 0.994141 0.386719 0.011719 0.046875