1 0.669922 0.494792 0.015625 0.029514
1 0.633789 0.519097 0.015625 0.034722
1 0.600586 0.543403 0.019531 0.045139
1 0.527344 0.545139 0.024414 0.050347
1 0.489258 0.482639 0.016602 0.032986
1 0.571289 0.487847 0.013672 0.032986
1 0.403320 0.628472 0.038086 0.086806
1 0.467773 0.513889 0.018555 0.039931
1 0.445313 0.460069 0.013672 0.032986
1 0.425781 0.473958 0.016602 0.036458
1 0.385742 0.496528 0.019531 0.032986
1 0.363281 0.491319 0.019531 0.043403
1 0.352539 0.543403 0.020508 0.043403
1 0.398438 0.461806 0.011719 0.026042
1 0.568359 0.522569 0.013672 0.036458
1 0.010742 0.722222 0.021484 0.093750