1 0.804688 0.346377 0.058594 0.134783
1 0.714844 0.434783 0.054688 0.097101
1 0.053711 0.562319 0.074219 0.127536
1 0.164063 0.598551 0.037109 0.121739
1 0.244141 0.526087 0.038086 0.079710
1 0.175781 0.426087 0.035156 0.082609
1 0.266602 0.402899 0.045898 0.081159
1 0.535156 0.447826 0.045898 0.075362
1 0.457031 0.397101 0.040039 0.071014
1 0.045898 0.236232 0.015625 0.033333
1 0.593750 0.363768 0.034180 0.068116
1 0.266602 0.297101 0.037109 0.078261
1 0.632813 0.385507 0.027344 0.053623
1 0.650391 0.376812 0.025391 0.056522
1 0.907227 0.401449 0.026367 0.034783
1 0.533203 0.150725 0.022461 0.040580
1 0.222656 0.192754 0.031250 0.056522
1 0.136719 0.204348 0.021484 0.027536
1 0.374023 0.250725 0.022461 0.039130
1 0.247070 0.204348 0.019531 0.034783
1 0.325195 0.204348 0.020508 0.034783
1 0.341797 0.211594 0.016602 0.030435
1 0.386719 0.217391 0.013672 0.026087
1 0.401367 0.194203 0.013672 0.030435
1 0.173828 0.134783 0.018555 0.034783
1 0.192383 0.120290 0.016602 0.028986
1 0.105469 0.085507 0.012695 0.031884
1 0.549805 0.284058 0.027344 0.052174
1 0.746094 0.330435 0.029297 0.047826
1 0.713867 0.295652 0.024414 0.040580
1 0.615234 0.244928 0.017578 0.034783
1 0.641602 0.234783 0.015625 0.026087
1 0.627930 0.211594 0.017578 0.026087
1 0.670898 0.247826 0.016602 0.027536
1 0.708984 0.231884 0.015625 0.027536
1 0.724609 0.257971 0.016602 0.026087
1 0.743164 0.266667 0.016602 0.030435
1 0.772461 0.259420 0.018555 0.037681
1 0.750000 0.210145 0.012695 0.024638
1 0.452148 0.223188 0.019531 0.031884
1 0.880859 0.295652 0.018555 0.034783