1 0.365234 0.512445 0.041992 0.086384
1 0.563477 0.503660 0.043945 0.086384
1 0.756836 0.518302 0.041016 0.080527
1 0.935547 0.519766 0.043945 0.083455
1 0.180664 0.489019 0.041992 0.092240
1 0.947266 0.360176 0.038086 0.065886
1 0.850586 0.387994 0.032227 0.062958
1 0.753906 0.348463 0.033203 0.057101
1 0.646484 0.316252 0.028320 0.062958
1 0.582031 0.352855 0.033203 0.067350
1 0.470703 0.300146 0.032227 0.077599
1 0.363281 0.338214 0.033203 0.068814
1 0.273438 0.333821 0.030273 0.067350
1 0.183594 0.338214 0.035156 0.068814
1 0.051758 0.307467 0.040039 0.071742