0 0.128750 0.209888 0.038125 0.069030
0 0.246250 0.223881 0.051250 0.074627
0 0.340000 0.243470 0.040000 0.056903
0 0.432500 0.126866 0.058750 0.097015
0 0.487500 0.172575 0.031875 0.047575
0 0.561250 0.180970 0.048750 0.075560
0 0.631250 0.372201 0.046250 0.073694
0 0.685625 0.154851 0.050000 0.076493
0 0.770000 0.212687 0.048125 0.078358
0 0.837500 0.231343 0.030625 0.055037
0 0.879375 0.232276 0.042500 0.060634
0 0.904375 0.182836 0.025000 0.041978
0 0.974375 0.157649 0.051250 0.082090