0 0.083008 0.234261 0.045898 0.065886
0 0.187500 0.115666 0.033203 0.049780
0 0.254883 0.282577 0.042969 0.061493
0 0.369141 0.087848 0.032227 0.042460
0 0.414063 0.146413 0.041016 0.062958
0 0.517578 0.355783 0.052734 0.087848
0 0.454102 0.081991 0.036133 0.054173
0 0.518555 0.090776 0.033203 0.051245
0 0.618164 0.265007 0.043945 0.068814
0 0.606445 0.207906 0.035156 0.055637
1 0.419922 0.076135 0.026367 0.032211
1 0.591797 0.102489 0.024414 0.040996
0 0.598633 0.039531 0.024414 0.033675
0 0.664063 0.134700 0.032227 0.042460
1 0.627930 0.023426 0.023438 0.036603
0 0.695313 0.076135 0.025391 0.046852
0 0.747070 0.057101 0.030273 0.048316
0 0.766602 0.060029 0.010742 0.035139
1 0.725586 0.052709 0.018555 0.035139
1 0.879883 0.057101 0.028320 0.039531
0 0.953125 0.099561 0.031250 0.045388