0 0.032727 0.177586 0.024545 0.063793
0 0.083636 0.110345 0.026364 0.060345
0 0.117273 0.205172 0.027273 0.055172
0 0.202727 0.184483 0.033636 0.074138
0 0.267273 0.215517 0.053636 0.082759
0 0.311818 0.120690 0.029091 0.074138
0 0.366364 0.120690 0.023636 0.058621
0 0.524545 0.206897 0.040000 0.087931
0 0.602727 0.175862 0.037273 0.094828
0 0.715455 0.177586 0.054545 0.113793
0 0.804545 0.193103 0.046364 0.101724
0 0.894545 0.160345 0.037273 0.065517
1 0.908182 0.456897 0.028182 0.072414