0 0.085417 0.269318 0.043750 0.086364
0 0.166667 0.315909 0.048611 0.073864
0 0.300694 0.235227 0.028472 0.054545
0 0.354861 0.297727 0.046528 0.097727
0 0.371528 0.237500 0.031250 0.060227
0 0.407639 0.279545 0.040278 0.077273
0 0.454167 0.477273 0.048611 0.084091
0 0.434722 0.255682 0.014583 0.060227
0 0.479167 0.275000 0.027778 0.060227
0 0.527083 0.269318 0.030556 0.068182
0 0.559722 0.276136 0.042361 0.079545
0 0.613194 0.305682 0.038889 0.065909
0 0.650694 0.332955 0.038194 0.077273
0 0.713889 0.354545 0.053472 0.084091
0 0.720833 0.217045 0.022222 0.056818
0 0.769444 0.257955 0.036111 0.071591
1 0.808333 0.259091 0.035417 0.061364
0 0.840278 0.248864 0.019444 0.046591
0 0.882639 0.239773 0.041667 0.068182
0 0.940278 0.257955 0.047222 0.075000