0 0.119444 0.612500 0.070139 0.085417
0 0.246528 0.562500 0.061111 0.079167
0 0.312500 0.534375 0.047222 0.072917
0 0.381250 0.823958 0.075000 0.100000
0 0.472222 0.472917 0.064583 0.086458
0 0.766667 0.462500 0.079861 0.108333
0 0.931944 0.532292 0.038889 0.073958
0 0.529861 0.392708 0.036806 0.075000
0 0.622917 0.355208 0.025000 0.063542
0 0.559722 0.261458 0.035417 0.056250
0 0.461806 0.229167 0.025694 0.046875
0 0.161111 0.442708 0.033333 0.065625
0 0.270139 0.368750 0.036111 0.047917
0 0.148611 0.362500 0.025694 0.039583
0 0.354861 0.417708 0.042361 0.057292
0 0.311111 0.259375 0.021528 0.043750
0 0.150694 0.252083 0.025694 0.042708
0 0.209028 0.320833 0.024306 0.036458
0 0.095139 0.342708 0.022222 0.039583
0 0.076389 0.283333 0.018056 0.031250
0 0.223611 0.213542 0.020833 0.030208