1 0.100586 0.177465 0.013672 0.047887
1 0.142578 0.146479 0.014648 0.059155
1 0.065430 0.354930 0.020508 0.073239
1 0.105469 0.371831 0.017578 0.073239
1 0.146484 0.377465 0.020508 0.073239
1 0.179688 0.428169 0.017578 0.064789
1 0.164063 0.521127 0.018555 0.076056
1 0.226563 0.416901 0.017578 0.064789
1 0.233398 0.509859 0.021484 0.076056
1 0.230469 0.642254 0.023438 0.087324
1 0.280273 0.428169 0.016602 0.073239
1 0.295898 0.526761 0.020508 0.070423
1 0.176758 0.107042 0.016602 0.059155
1 0.185547 0.174648 0.015625 0.059155
1 0.220703 0.138028 0.015625 0.059155
1 0.254883 0.180282 0.014648 0.050704
1 0.255859 0.298592 0.016602 0.059155
1 0.275391 0.174648 0.015625 0.059155
1 0.319336 0.149296 0.015625 0.053521
1 0.342773 0.166197 0.014648 0.059155
1 0.384766 0.143662 0.015625 0.067606
1 0.296875 0.292958 0.016602 0.053521
1 0.343750 0.278873 0.014648 0.059155
1 0.389648 0.281690 0.016602 0.059155
1 0.326172 0.419718 0.017578 0.070423
1 0.379883 0.405634 0.019531 0.061972
1 0.356445 0.518310 0.021484 0.073239
1 0.419922 0.521127 0.019531 0.070423
1 0.367188 0.616901 0.024414 0.090141
1 0.428711 0.391549 0.016602 0.073239
1 0.470703 0.408451 0.017578 0.067606
1 0.484375 0.504225 0.021484 0.078873
1 0.284180 0.673239 0.022461 0.081690
1 0.416992 0.138028 0.015625 0.056338
1 0.451172 0.132394 0.015625 0.053521
1 0.479492 0.149296 0.014648 0.061972
1 0.511719 0.146479 0.015625 0.061972
1 0.496094 0.242254 0.016602 0.061972
1 0.441406 0.261972 0.016602 0.064789
1 0.552734 0.233803 0.015625 0.067606
1 0.559570 0.126761 0.014648 0.061972
1 0.522461 0.402817 0.017578 0.070423
1 0.553711 0.476056 0.019531 0.070423
1 0.573242 0.419718 0.018555 0.056338
1 0.624023 0.388732 0.018555 0.073239
1 0.626953 0.501408 0.019531 0.064789
1 0.599609 0.132394 0.015625 0.061972
1 0.638672 0.157746 0.014648 0.053521
1 0.681641 0.129577 0.014648 0.059155
1 0.715820 0.118310 0.015625 0.061972
1 0.712891 0.250704 0.017578 0.061972
1 0.656250 0.256338 0.017578 0.059155
1 0.607422 0.259155 0.015625 0.059155
1 0.674805 0.411268 0.017578 0.064789
1 0.718750 0.414085 0.017578 0.061972
1 0.684570 0.512676 0.020508 0.073239
1 0.752930 0.492958 0.018555 0.078873
1 0.764648 0.369014 0.018555 0.073239
1 0.739258 0.112676 0.014648 0.053521
1 0.762695 0.132394 0.013672 0.059155
1 0.766602 0.230986 0.018555 0.067606
1 0.813477 0.385915 0.017578 0.064789
1 0.852539 0.352113 0.018555 0.070423
1 0.812500 0.492958 0.021484 0.078873
1 0.869141 0.487324 0.022461 0.070423
1 0.899414 0.326761 0.017578 0.064789
1 0.942383 0.363380 0.018555 0.070423