0 0.118750 0.613542 0.070139 0.084375
0 0.246528 0.561458 0.057639 0.092708
0 0.381250 0.825000 0.072917 0.101042
0 0.312500 0.538542 0.047222 0.072917
0 0.356944 0.417708 0.041667 0.065625
0 0.268056 0.367708 0.033333 0.054167
0 0.160417 0.439583 0.035417 0.067708
0 0.150000 0.362500 0.022917 0.044792
0 0.209722 0.319792 0.022917 0.037500
0 0.470139 0.472917 0.065278 0.089583
0 0.530556 0.392708 0.040972 0.070833
0 0.766667 0.462500 0.081250 0.109375
0 0.930556 0.532292 0.037500 0.084375
0 0.624306 0.357292 0.022917 0.067708
0 0.558333 0.260417 0.036111 0.059375
0 0.462500 0.230208 0.028472 0.047917
0 0.312500 0.258333 0.023611 0.051042
0 0.093750 0.339583 0.022222 0.058333
0 0.073611 0.283333 0.020139 0.043750
0 0.151389 0.250000 0.029861 0.054167
0 0.225694 0.214583 0.020833 0.033333