0 0.188333 0.296341 0.053333 0.075610
0 0.402500 0.268293 0.065833 0.102439
0 0.572500 0.264634 0.055833 0.086585
1 0.752500 0.267073 0.053333 0.073171
1 0.951667 0.289024 0.051667 0.069512
1 0.965833 0.086585 0.033333 0.045122
1 0.635000 0.041463 0.017500 0.040244
1 0.572500 0.053659 0.014167 0.030488
1 0.819167 0.125610 0.012500 0.026829
1 0.745000 0.124390 0.015000 0.021951
1 0.707500 0.115854 0.015000 0.023171
0 0.436667 0.101220 0.017500 0.029268
1 0.368333 0.119512 0.015000 0.020732
1 0.214167 0.100000 0.016667 0.024390
1 0.152500 0.102439 0.019167 0.032927
1 0.069167 0.095122 0.013333 0.030488
1 0.013333 0.092683 0.020000 0.026829