1 0.024414 0.328788 0.011719 0.021212
1 0.041016 0.310606 0.012695 0.022727
1 0.023438 0.362121 0.013672 0.021212
1 0.042969 0.381818 0.010742 0.021212
1 0.054688 0.292424 0.010742 0.022727
1 0.087891 0.283333 0.009766 0.022727
1 0.136719 0.310606 0.010742 0.021212
1 0.108398 0.324242 0.007813 0.024242
1 0.174805 0.324242 0.013672 0.024242
1 0.125977 0.380303 0.011719 0.021212
1 0.107422 0.366667 0.011719 0.021212
1 0.122070 0.412121 0.010742 0.022727
1 0.142578 0.398485 0.013672 0.025758
1 0.161133 0.415152 0.014648 0.027273
1 0.136719 0.428788 0.012695 0.022727
1 0.116211 0.463636 0.011719 0.022727
1 0.111328 0.446970 0.014648 0.022727
1 0.074219 0.440909 0.012695 0.025758
1 0.091797 0.421212 0.013672 0.027273
1 0.052734 0.434848 0.014648 0.027273
1 0.061523 0.413636 0.011719 0.021212
1 0.035156 0.406061 0.011719 0.024242
1 0.019531 0.422727 0.014648 0.021212
1 0.008789 0.398485 0.003906 0.025758
1 0.011719 0.460606 0.010742 0.027273
1 0.136719 0.460606 0.011719 0.027273
1 0.153320 0.460606 0.014648 0.030303
1 0.103516 0.519697 0.014648 0.027273
1 0.111328 0.498485 0.012695 0.021212
1 0.107422 0.483333 0.009766 0.022727
1 0.163086 0.521212 0.009766 0.022727
1 0.189453 0.504545 0.013672 0.024242
1 0.208008 0.504545 0.011719 0.027273
1 0.192383 0.539394 0.011719 0.022727
1 0.168945 0.574242 0.011719 0.022727
1 0.145508 0.559091 0.011719 0.022727
1 0.130859 0.574242 0.012695 0.022727
1 0.126953 0.596970 0.011719 0.024242
1 0.077148 0.554545 0.015625 0.027273
1 0.040039 0.550000 0.015625 0.033333
1 0.021484 0.540909 0.014648 0.022727
1 0.048828 0.501515 0.014648 0.027273
1 0.012695 0.487879 0.011719 0.021212
1 0.203125 0.428788 0.011719 0.027273
1 0.188477 0.457576 0.011719 0.025758
1 0.162109 0.612121 0.015625 0.030303
1 0.007813 0.318182 0.005859 0.022727
1 0.009766 0.260606 0.009766 0.021212
1 0.021484 0.268182 0.008789 0.022727
1 0.031250 0.248485 0.009766 0.022727
1 0.057617 0.263636 0.011719 0.021212
1 0.045898 0.234848 0.010742 0.025758
1 0.015625 0.212121 0.011719 0.021212
1 0.043945 0.121212 0.009766 0.021212
1 0.125977 0.045455 0.009766 0.021212
1 0.116211 0.083333 0.009766 0.022727
1 0.114258 0.115152 0.009766 0.021212
1 0.128906 0.115152 0.010742 0.022727
1 0.096680 0.163636 0.009766 0.021212
1 0.101563 0.206061 0.007813 0.021212
1 0.111328 0.222727 0.008789 0.022727
1 0.162109 0.193939 0.008789 0.024242
1 0.166992 0.150000 0.009766 0.024242
1 0.184570 0.139394 0.009766 0.022727
1 0.204102 0.121212 0.010742 0.021212
1 0.206055 0.092424 0.010742 0.021212
1 0.178711 0.377273 0.011719 0.024242
1 0.158203 0.343939 0.008789 0.021212
1 0.229492 0.345455 0.012695 0.025758
1 0.250977 0.378788 0.011719 0.025758
1 0.236328 0.378788 0.010742 0.021212
1 0.211914 0.409091 0.009766 0.021212
1 0.301758 0.348485 0.013672 0.025758
1 0.284180 0.378788 0.012695 0.022727
1 0.305664 0.386364 0.012695 0.025758
1 0.272461 0.321212 0.007813 0.025758
1 0.255859 0.321212 0.010742 0.022727
1 0.227539 0.300000 0.011719 0.024242
1 0.251953 0.269697 0.012695 0.022727
1 0.286133 0.296970 0.010742 0.024242
1 0.293945 0.284848 0.010742 0.022727
1 0.282227 0.250000 0.012695 0.021212
1 0.274414 0.213636 0.013672 0.022727
1 0.261719 0.207576 0.011719 0.022727
1 0.225586 0.219697 0.014648 0.021212
1 0.216797 0.251515 0.011719 0.022727
1 0.233398 0.272727 0.012695 0.021212
1 0.215820 0.278788 0.008789 0.021212
1 0.188477 0.281818 0.013672 0.021212
1 0.202148 0.239394 0.013672 0.028788
1 0.175781 0.262121 0.011719 0.021212
1 0.170898 0.221212 0.011719 0.022727
1 0.181641 0.207576 0.016602 0.022727
1 0.210938 0.206061 0.010742 0.027273
1 0.237305 0.159091 0.011719 0.021212
1 0.244141 0.133333 0.011719 0.022727
1 0.230469 0.124242 0.009766 0.021212
1 0.229492 0.098485 0.009766 0.021212
1 0.307617 0.039394 0.010742 0.021212
1 0.294922 0.112121 0.011719 0.022727
1 0.272461 0.115152 0.008789 0.024242
1 0.284180 0.112121 0.009766 0.022727
1 0.285156 0.154545 0.009766 0.025758
1 0.301758 0.177273 0.011719 0.025758
1 0.348633 0.068182 0.006836 0.021212
1 0.370117 0.084848 0.008789 0.022727
1 0.427734 0.068182 0.010742 0.021212
1 0.404297 0.128788 0.011719 0.022727
1 0.390625 0.127273 0.010742 0.022727
1 0.350586 0.259091 0.009766 0.022727
1 0.406250 0.225758 0.014648 0.021212
1 0.427734 0.263636 0.008789 0.021212
1 0.416016 0.260606 0.011719 0.021212
1 0.394531 0.262121 0.011719 0.022727
1 0.390625 0.213636 0.008789 0.021212
1 0.340820 0.295455 0.010742 0.022727
1 0.312500 0.248485 0.011719 0.027273
1 0.318359 0.357576 0.010742 0.022727
1 0.333008 0.356061 0.012695 0.021212
1 0.375000 0.353030 0.013672 0.024242
1 0.365234 0.336364 0.012695 0.021212
1 0.380859 0.313636 0.012695 0.024242
1 0.411133 0.325758 0.011719 0.025758
1 0.441406 0.337879 0.008789 0.021212
1 0.427734 0.351515 0.008789 0.021212
1 0.437500 0.363636 0.011719 0.024242
1 0.457031 0.348485 0.013672 0.025758
1 0.472656 0.316667 0.011719 0.022727
1 0.461914 0.316667 0.011719 0.021212
1 0.435547 0.298485 0.011719 0.022727
1 0.394531 0.292424 0.009766 0.025758
1 0.472656 0.286364 0.011719 0.021212
1 0.484375 0.303030 0.011719 0.021212
1 0.495117 0.275758 0.011719 0.024242
1 0.502930 0.250000 0.013672 0.027273
1 0.489258 0.250000 0.014648 0.022727
1 0.438477 0.224242 0.009766 0.021212
1 0.449219 0.209091 0.012695 0.021212
1 0.471680 0.225758 0.011719 0.024242
1 0.439453 0.184848 0.009766 0.021212
1 0.436523 0.148485 0.011719 0.022727
1 0.467773 0.095455 0.011719 0.021212
1 0.446289 0.027273 0.007813 0.021212
1 0.516602 0.163636 0.011719 0.022727
1 0.565430 0.093939 0.007813 0.022727
1 0.587891 0.068182 0.009766 0.021212
1 0.623047 0.057576 0.010742 0.021212
1 0.657227 0.057576 0.010742 0.022727
1 0.688477 0.022727 0.011719 0.021212
1 0.651367 0.193939 0.009766 0.021212
1 0.573242 0.213636 0.007813 0.021212
1 0.588867 0.196970 0.008789 0.022727
1 0.595703 0.245455 0.010742 0.022727
1 0.590820 0.230303 0.011719 0.021212
1 0.581055 0.251515 0.009766 0.022727
1 0.582031 0.280303 0.011719 0.027273
1 0.598633 0.274242 0.007813 0.025758
1 0.631836 0.213636 0.010742 0.021212
1 0.670898 0.225758 0.011719 0.022727
1 0.661133 0.224242 0.011719 0.022727
1 0.523438 0.275758 0.009766 0.022727
1 0.561523 0.307576 0.011719 0.022727
1 0.597656 0.306061 0.011719 0.022727
1 0.665039 0.286364 0.010742 0.024242
1 0.643555 0.260606 0.011719 0.022727
1 0.681641 0.356061 0.012695 0.022727
1 0.610352 0.322727 0.009766 0.022727
1 0.586914 0.368182 0.010742 0.025758
1 0.550781 0.346970 0.011719 0.022727
1 0.522461 0.307576 0.011719 0.025758
1 0.501953 0.331818 0.007813 0.022727
1 0.531250 0.384848 0.010742 0.024242
1 0.513672 0.363636 0.010742 0.024242
1 0.500977 0.389394 0.009766 0.022727
1 0.486328 0.371212 0.011719 0.022727
1 0.458984 0.406061 0.010742 0.021212
1 0.470703 0.356061 0.008789 0.022727
1 0.503906 0.427273 0.013672 0.022727
1 0.202148 0.624242 0.013672 0.033333
1 0.242188 0.580303 0.011719 0.024242
1 0.170898 0.665152 0.011719 0.024242
1 0.146484 0.668182 0.014648 0.024242
1 0.121094 0.690909 0.013672 0.030303
1 0.147461 0.706061 0.013672 0.025758
1 0.115234 0.633333 0.017578 0.028788
1 0.136719 0.631818 0.015625 0.033333
1 0.103516 0.609091 0.012695 0.022727
1 0.088867 0.613636 0.012695 0.021212
1 0.035156 0.636364 0.014648 0.030303
1 0.023438 0.650000 0.008789 0.024242
1 0.044922 0.627273 0.012695 0.024242
1 0.012695 0.601515 0.013672 0.024242
1 0.048828 0.712121 0.015625 0.025758
1 0.041992 0.681818 0.012695 0.027273
1 0.081055 0.695455 0.012695 0.021212
1 0.080078 0.668182 0.015625 0.024242
1 0.103516 0.675758 0.013672 0.033333
1 0.129883 0.739394 0.015625 0.024242
1 0.101563 0.768182 0.017578 0.030303
1 0.097656 0.728788 0.014648 0.031818
1 0.062500 0.766667 0.015625 0.027273
1 0.029297 0.733333 0.011719 0.024242
1 0.055664 0.848485 0.017578 0.033333
1 0.055664 0.801515 0.015625 0.030303
1 0.086914 0.807576 0.012695 0.028788
1 0.103516 0.828788 0.016602 0.027273
1 0.139648 0.762121 0.017578 0.034848
1 0.164063 0.793939 0.011719 0.024242
1 0.161133 0.839394 0.016602 0.033333
1 0.190430 0.786364 0.010742 0.027273
1 0.195313 0.831818 0.014648 0.031818
1 0.178711 0.763636 0.010742 0.022727
1 0.190430 0.713636 0.010742 0.028788
1 0.007813 0.681818 0.006836 0.025758
1 0.310547 0.786364 0.016602 0.040909
1 0.283203 0.804545 0.018555 0.036364
1 0.286133 0.856061 0.016602 0.033333
1 0.338867 0.816667 0.015625 0.033333
1 0.363281 0.822727 0.017578 0.030303
1 0.385742 0.812121 0.013672 0.030303
1 0.335938 0.710606 0.015625 0.030303
1 0.309570 0.719697 0.014648 0.025758
1 0.296875 0.743939 0.016602 0.037879
1 0.288086 0.686364 0.019531 0.037879
1 0.345703 0.637879 0.011719 0.025758
1 0.356445 0.646970 0.010742 0.027273
1 0.364258 0.640909 0.011719 0.027273
1 0.375000 0.643939 0.010742 0.024242
1 0.338867 0.604545 0.012695 0.027273
1 0.326172 0.627273 0.011719 0.025758
1 0.317383 0.646970 0.012695 0.025758
1 0.345703 0.578788 0.011719 0.024242
1 0.290039 0.572727 0.010742 0.022727
1 0.291016 0.606061 0.010742 0.025758
1 0.299805 0.546970 0.013672 0.024242
1 0.355469 0.792424 0.010742 0.028788
1 0.346680 0.533333 0.015625 0.030303
1 0.355469 0.500000 0.012695 0.025758
1 0.380859 0.486364 0.016602 0.028788
1 0.377930 0.450000 0.012695 0.027273
1 0.394531 0.443939 0.011719 0.025758
1 0.395508 0.386364 0.011719 0.022727
1 0.360352 0.421212 0.010742 0.022727
1 0.337891 0.390909 0.011719 0.022727
1 0.306641 0.439394 0.012695 0.028788
1 0.279297 0.454545 0.012695 0.022727
1 0.278320 0.424242 0.011719 0.021212
1 0.245117 0.478788 0.012695 0.025758
1 0.233398 0.492424 0.011719 0.021212
1 0.230469 0.451515 0.007813 0.021212
1 0.286133 0.486364 0.013672 0.025758
1 0.279297 0.510606 0.012695 0.021212
1 0.375000 0.530303 0.013672 0.027273
1 0.407227 0.515152 0.014648 0.025758
1 0.396484 0.492424 0.009766 0.022727
1 0.417969 0.495455 0.012695 0.028788
1 0.430664 0.468182 0.012695 0.028788
1 0.446289 0.475758 0.008789 0.024242
1 0.448242 0.524242 0.013672 0.031818
1 0.441406 0.556061 0.014648 0.025758
1 0.439453 0.589394 0.015625 0.027273
1 0.427734 0.600000 0.012695 0.022727
1 0.401367 0.618182 0.010742 0.033333
1 0.483398 0.668182 0.013672 0.028788
1 0.501953 0.642424 0.014648 0.033333
1 0.545898 0.659091 0.015625 0.028788
1 0.567383 0.662121 0.014648 0.033333
1 0.575195 0.631818 0.015625 0.027273
1 0.547852 0.615152 0.013672 0.028788
1 0.530273 0.601515 0.013672 0.027273
1 0.545898 0.574242 0.017578 0.030303
1 0.563477 0.575758 0.015625 0.027273
1 0.557617 0.596970 0.014648 0.025758
1 0.585938 0.590909 0.008789 0.031818
1 0.586914 0.557576 0.014648 0.028788
1 0.561523 0.543939 0.012695 0.024242
1 0.573242 0.509091 0.012695 0.028788
1 0.550781 0.515152 0.010742 0.022727
1 0.562500 0.483333 0.010742 0.024242
1 0.581055 0.474242 0.012695 0.025758
1 0.578125 0.436364 0.012695 0.025758
1 0.573242 0.404545 0.011719 0.021212
1 0.529297 0.440909 0.011719 0.021212
1 0.510742 0.540909 0.010742 0.025758
1 0.525391 0.543939 0.010742 0.024242
1 0.514648 0.563636 0.013672 0.022727
1 0.497070 0.562121 0.015625 0.031818
1 0.491211 0.536364 0.013672 0.022727
1 0.482422 0.572727 0.009766 0.027273
1 0.510742 0.616667 0.014648 0.025758
1 0.475586 0.524242 0.015625 0.031818
1 0.480469 0.483333 0.010742 0.027273
1 0.518555 0.478788 0.014648 0.031818
1 0.472656 0.442424 0.012695 0.024242
1 0.423828 0.450000 0.013672 0.021212
1 0.416992 0.387879 0.010742 0.022727
1 0.334961 0.451515 0.011719 0.027273
1 0.347656 0.463636 0.011719 0.025758
1 0.345703 0.412121 0.011719 0.022727
1 0.538086 0.350000 0.011719 0.024242
1 0.504883 0.834848 0.017578 0.034848
1 0.490234 0.825758 0.009766 0.021212
1 0.476563 0.801515 0.017578 0.030303
1 0.460938 0.837879 0.016602 0.025758
1 0.429688 0.848485 0.015625 0.030303
1 0.415039 0.833333 0.013672 0.028788
1 0.430664 0.786364 0.010742 0.024242
1 0.429688 0.759091 0.014648 0.025758
1 0.412109 0.800000 0.010742 0.024242
1 0.392578 0.783333 0.016602 0.031818
1 0.410156 0.724242 0.011719 0.021212
1 0.389648 0.719697 0.012695 0.021212
1 0.466797 0.775758 0.014648 0.022727
1 0.461914 0.762121 0.010742 0.021212
1 0.517578 0.807576 0.012695 0.028788
1 0.541016 0.821212 0.015625 0.037879
1 0.579102 0.821212 0.017578 0.034848
1 0.594727 0.845455 0.016602 0.034848
1 0.644531 0.871212 0.016602 0.031818
1 0.633789 0.831818 0.017578 0.030303
1 0.618164 0.798485 0.017578 0.030303
1 0.539063 0.750000 0.017578 0.036364
1 0.509766 0.771212 0.012695 0.022727
1 0.500977 0.698485 0.014648 0.034848
1 0.515625 0.703030 0.009766 0.030303
1 0.484375 0.731818 0.015625 0.031818
1 0.577148 0.686364 0.013672 0.033333
1 0.603516 0.645455 0.013672 0.024242
1 0.619141 0.659091 0.010742 0.024242
1 0.637695 0.733333 0.013672 0.028788
1 0.685547 0.790909 0.012695 0.031818
1 0.656250 0.781818 0.010742 0.021212
1 0.670898 0.730303 0.013672 0.027273
1 0.673828 0.690909 0.014648 0.031818
1 0.650391 0.704545 0.014648 0.031818
1 0.659180 0.675758 0.012695 0.024242
1 0.641602 0.643939 0.011719 0.024242
1 0.682617 0.642424 0.008789 0.022727
1 0.673828 0.610606 0.011719 0.025758
1 0.633789 0.610606 0.013672 0.025758
1 0.603516 0.613636 0.010742 0.021212
1 0.600586 0.586364 0.010742 0.021212
1 0.625000 0.566667 0.011719 0.028788
1 0.198242 0.165152 0.011719 0.024242
1 0.698242 0.706061 0.013672 0.028788
1 0.740234 0.710606 0.015625 0.033333
1 0.758789 0.756061 0.013672 0.028788
1 0.774414 0.774242 0.015625 0.030303
1 0.732422 0.768182 0.014648 0.027273
1 0.711914 0.772727 0.012695 0.028788
1 0.687500 0.753030 0.012695 0.022727
1 0.705078 0.824242 0.012695 0.025758
1 0.734375 0.827273 0.012695 0.025758
1 0.754883 0.834848 0.015625 0.037879
1 0.692383 0.893939 0.017578 0.031818
1 0.671875 0.860606 0.015625 0.028788
1 0.804688 0.848485 0.016602 0.036364
1 0.853516 0.857576 0.016602 0.033333
1 0.833008 0.781818 0.016602 0.033333
1 0.854492 0.766667 0.014648 0.025758
1 0.808594 0.760606 0.012695 0.027273
1 0.763672 0.810606 0.014648 0.027273
1 0.810547 0.798485 0.011719 0.025758
1 0.797852 0.796970 0.011719 0.025758
1 0.790039 0.736364 0.011719 0.025758
1 0.784180 0.707576 0.014648 0.024242
1 0.775391 0.683333 0.015625 0.027273
1 0.754883 0.672727 0.015625 0.030303
1 0.744141 0.657576 0.014648 0.025758
1 0.732422 0.642424 0.012695 0.025758
1 0.716797 0.662121 0.010742 0.024242
1 0.794922 0.640909 0.015625 0.033333
1 0.856445 0.742424 0.017578 0.021212
1 0.835938 0.733333 0.013672 0.034848
1 0.865234 0.712121 0.014648 0.025758
1 0.857422 0.686364 0.012695 0.028788
1 0.906250 0.681818 0.015625 0.030303
1 0.885742 0.684848 0.014648 0.024242
1 0.886719 0.648485 0.014648 0.027273
1 0.867188 0.607576 0.016602 0.034848
1 0.822266 0.601515 0.016602 0.030303
1 0.846680 0.572727 0.012695 0.028788
1 0.825195 0.577273 0.012695 0.021212
1 0.801758 0.557576 0.012695 0.025758
1 0.768555 0.569697 0.014648 0.027273
1 0.746094 0.584848 0.013672 0.028788
1 0.763672 0.613636 0.013672 0.030303
1 0.825195 0.525758 0.014648 0.028788
1 0.753906 0.537879 0.012695 0.025758
1 0.743164 0.509091 0.014648 0.028788
1 0.752930 0.492424 0.016602 0.030303
1 0.723633 0.501515 0.014648 0.024242
1 0.711914 0.548485 0.014648 0.021212
1 0.740234 0.565152 0.012695 0.025758
1 0.686523 0.587879 0.011719 0.024242
1 0.653320 0.540909 0.014648 0.025758
1 0.691406 0.539394 0.013672 0.027273
1 0.690430 0.524242 0.012695 0.024242
1 0.667969 0.512121 0.012695 0.022727
1 0.625977 0.530303 0.014648 0.022727
1 0.594727 0.518182 0.014648 0.024242
1 0.604492 0.463636 0.014648 0.030303
1 0.622070 0.454545 0.014648 0.033333
1 0.642578 0.472727 0.010742 0.027273
1 0.666016 0.477273 0.014648 0.027273
1 0.687500 0.483333 0.013672 0.022727
1 0.710938 0.489394 0.011719 0.025758
1 0.791016 0.539394 0.009766 0.025758
1 0.803711 0.539394 0.011719 0.028788
1 0.840820 0.489394 0.011719 0.025758
1 0.827148 0.480303 0.012695 0.022727
1 0.848633 0.468182 0.011719 0.024242
1 0.833008 0.460606 0.010742 0.021212
1 0.810547 0.478788 0.015625 0.024242
1 0.810547 0.440909 0.011719 0.027273
1 0.787109 0.437879 0.011719 0.027273
1 0.768555 0.453030 0.012695 0.027273
1 0.736328 0.474242 0.011719 0.024242
1 0.708008 0.457576 0.012695 0.025758
1 0.734375 0.428788 0.011719 0.024242
1 0.746094 0.422727 0.011719 0.028788
1 0.708008 0.419697 0.012695 0.022727
1 0.670898 0.431818 0.010742 0.027273
1 0.655273 0.427273 0.010742 0.024242
1 0.611328 0.428788 0.012695 0.024242
1 0.630859 0.434848 0.012695 0.021212
1 0.594727 0.433333 0.014648 0.027273
1 0.839844 0.677273 0.012695 0.033333
1 0.830078 0.671212 0.014648 0.033333
1 0.884766 0.754545 0.013672 0.036364
1 0.915039 0.793939 0.015625 0.036364
1 0.928711 0.803030 0.016602 0.028788
1 0.898438 0.804545 0.011719 0.027273
1 0.861328 0.822727 0.021484 0.033333
1 0.912109 0.877273 0.017578 0.033333
1 0.935547 0.875758 0.017578 0.033333
1 0.903320 0.839394 0.017578 0.027273
1 0.981445 0.815152 0.019531 0.028788
1 0.894531 0.922727 0.016602 0.028788
1 0.953125 0.763636 0.013672 0.031818
1 0.935547 0.746970 0.012695 0.024242
1 0.952148 0.737879 0.016602 0.027273
1 0.989258 0.759091 0.016602 0.028788
1 0.965820 0.712121 0.012695 0.025758
1 0.918945 0.722727 0.014648 0.027273
1 0.966797 0.678788 0.012695 0.022727
1 0.976563 0.660606 0.012695 0.022727
1 0.930664 0.677273 0.017578 0.028788
1 0.930664 0.654545 0.016602 0.027273
1 0.915039 0.621212 0.014648 0.028788
1 0.907227 0.606061 0.013672 0.028788
1 0.926758 0.565152 0.014648 0.030303
1 0.939453 0.559091 0.013672 0.030303
1 0.925781 0.537879 0.013672 0.024242
1 0.893555 0.527273 0.015625 0.028788
1 0.902344 0.521212 0.011719 0.030303
1 0.863281 0.516667 0.011719 0.028788
1 0.902344 0.484848 0.014648 0.027273
1 0.933594 0.496970 0.010742 0.022727
1 0.937500 0.490909 0.011719 0.024242
1 0.915039 0.481818 0.011719 0.028788
1 0.924805 0.448485 0.011719 0.022727
1 0.909180 0.445455 0.013672 0.025758
1 0.888672 0.454545 0.012695 0.024242
1 0.867188 0.475758 0.015625 0.030303
1 0.869141 0.460606 0.014648 0.025758
1 0.863281 0.506061 0.014648 0.025758
1 0.952148 0.719697 0.008789 0.022727
1 0.996094 0.651515 0.006836 0.024242
1 0.980469 0.593939 0.015625 0.028788
1 0.974609 0.580303 0.015625 0.021212
1 0.954102 0.621212 0.012695 0.027273
1 0.956055 0.580303 0.014648 0.024242
1 0.996094 0.550000 0.007813 0.027273
1 0.994141 0.503030 0.008789 0.022727
1 0.993164 0.463636 0.010742 0.024242
1 0.957031 0.480303 0.012695 0.021212
1 0.967773 0.498485 0.014648 0.028788
1 0.939453 0.451515 0.011719 0.022727
1 0.933594 0.427273 0.011719 0.021212
1 0.945313 0.392424 0.011719 0.022727
1 0.968750 0.407576 0.010742 0.021212
1 0.971680 0.389394 0.012695 0.021212
1 0.970703 0.371212 0.011719 0.021212
1 0.912109 0.416667 0.014648 0.024242
1 0.932617 0.362121 0.011719 0.024242
1 0.927734 0.334848 0.013672 0.022727
1 0.911133 0.290909 0.011719 0.027273
1 0.921875 0.286364 0.009766 0.022727
1 0.936523 0.296970 0.009766 0.022727
1 0.951172 0.303030 0.010742 0.027273
1 0.882813 0.362121 0.012695 0.024242
1 0.865234 0.318182 0.012695 0.022727
1 0.869141 0.293939 0.012695 0.022727
1 0.849609 0.309091 0.012695 0.022727
1 0.839844 0.304545 0.012695 0.021212
1 0.838867 0.410606 0.014648 0.027273
1 0.854492 0.389394 0.012695 0.024242
1 0.888672 0.396970 0.012695 0.021212
1 0.875000 0.395455 0.012695 0.022727
1 0.817383 0.368182 0.013672 0.021212
1 0.817383 0.346970 0.012695 0.021212
1 0.829102 0.333333 0.012695 0.021212
1 0.809570 0.309091 0.012695 0.022727
1 0.786133 0.377273 0.013672 0.024242
1 0.770508 0.289394 0.014648 0.025758
1 0.758789 0.315152 0.013672 0.027273
1 0.746094 0.312121 0.009766 0.024242
1 0.768555 0.357576 0.012695 0.022727
1 0.782227 0.412121 0.014648 0.030303
1 0.763672 0.416667 0.008789 0.027273
1 0.741211 0.392424 0.013672 0.028788
1 0.754883 0.350000 0.010742 0.025758
1 0.717773 0.390909 0.011719 0.027273
1 0.688477 0.378788 0.010742 0.024242
1 0.729492 0.353030 0.013672 0.022727
1 0.722656 0.312121 0.013672 0.022727
1 0.734375 0.296970 0.012695 0.024242
1 0.714844 0.298485 0.010742 0.021212
1 0.694336 0.306061 0.011719 0.021212
1 0.720703 0.354545 0.007813 0.021212
1 0.743164 0.263636 0.013672 0.025758
1 0.774414 0.257576 0.012695 0.022727
1 0.770508 0.224242 0.010742 0.021212
1 0.754883 0.216667 0.012695 0.024242
1 0.728516 0.201515 0.012695 0.022727
1 0.701172 0.213636 0.011719 0.022727
1 0.711914 0.195455 0.010742 0.021212
1 0.681641 0.198485 0.011719 0.021212
1 0.746094 0.186364 0.010742 0.021212
1 0.763672 0.178788 0.009766 0.022727
1 0.775391 0.178788 0.011719 0.021212
1 0.806641 0.190909 0.013672 0.022727
1 0.788086 0.204545 0.010742 0.021212
1 0.799805 0.240909 0.012695 0.022727
1 0.807617 0.262121 0.012695 0.025758
1 0.798828 0.268182 0.011719 0.021212
1 0.833984 0.272727 0.009766 0.025758
1 0.842773 0.275758 0.008789 0.024242
1 0.865234 0.262121 0.012695 0.027273
1 0.856445 0.253030 0.010742 0.021212
1 0.868164 0.203030 0.007813 0.021212
1 0.843750 0.203030 0.012695 0.021212
1 0.823242 0.248485 0.011719 0.022727
1 0.826172 0.198485 0.008789 0.022727
1 0.882813 0.209091 0.011719 0.022727
1 0.902344 0.231818 0.012695 0.027273
1 0.932617 0.243939 0.009766 0.022727
1 0.945313 0.254545 0.010742 0.025758
1 0.959961 0.292424 0.008789 0.021212
1 0.951172 0.216667 0.012695 0.024242
1 0.884766 0.174242 0.011719 0.021212
1 0.872070 0.168182 0.012695 0.022727
1 0.977539 0.857576 0.011719 0.027273
1 0.970703 0.339394 0.011719 0.025758
1 0.988281 0.316667 0.013672 0.024242
1 0.994141 0.289394 0.010742 0.021212
1 0.986328 0.274242 0.008789 0.021212
1 0.986328 0.193939 0.011719 0.025758
1 0.976563 0.248485 0.012695 0.025758
1 0.964844 0.218182 0.009766 0.021212
1 0.976563 0.181818 0.013672 0.022727
1 0.996094 0.196970 0.004883 0.021212
1 0.965820 0.162121 0.011719 0.022727
1 0.972656 0.134848 0.011719 0.021212
1 0.944336 0.092424 0.011719 0.024242
1 0.929688 0.095455 0.011719 0.024242
1 0.905273 0.134848 0.010742 0.022727
1 0.881836 0.116667 0.011719 0.021212
1 0.834961 0.101515 0.010742 0.021212
1 0.824219 0.143939 0.010742 0.027273
1 0.767578 0.148485 0.011719 0.022727
1 0.735352 0.116667 0.012695 0.021212
1 0.765625 0.086364 0.010742 0.022727
1 0.762695 0.048485 0.010742 0.021212
1 0.877930 0.015152 0.011719 0.022727
1 0.982422 0.065152 0.008789 0.021212
1 0.996094 0.121212 0.005859 0.024242
1 0.991211 0.236364 0.006836 0.021212
1 0.281250 0.057576 0.007813 0.021212
1 0.004883 0.098485 0.008789 0.021212
1 0.263672 0.134848 0.010742 0.027273
1 0.608398 0.387879 0.011719 0.025758
1 0.621094 0.275758 0.014648 0.025758
1 0.004883 0.765152 0.010742 0.031818
1 0.115234 0.756061 0.014648 0.033333
1 0.418945 0.648485 0.012695 0.027273
1 0.542969 0.719697 0.014648 0.025758
1 0.629883 0.769697 0.016602 0.024242
1 0.630859 0.684848 0.012695 0.022727
1 0.632813 0.346970 0.014648 0.027273
1 0.646484 0.398485 0.013672 0.024242
1 0.375977 0.766667 0.014648 0.027273
1 0.818359 0.409091 0.013672 0.030303
1 0.697266 0.240909 0.005859 0.022727
1 0.328125 0.268182 0.011719 0.022727
1 0.236328 0.063636 0.007813 0.024242