1 0.108398 0.087848 0.040039 0.064422
1 0.176758 0.215227 0.046875 0.065886
1 0.166992 0.373353 0.051758 0.079063
0 0.136719 0.549048 0.050781 0.071742
1 0.471680 0.152269 0.041016 0.067350
0 0.428711 0.306003 0.049805 0.067350
0 0.468750 0.401171 0.046875 0.065886
0 0.445313 0.578331 0.052734 0.079063
0 0.740234 0.061493 0.043945 0.062958
0 0.820313 0.163982 0.050781 0.065886
1 0.806641 0.289898 0.042969 0.052709
1 0.703125 0.426061 0.046875 0.071742
0 0.792969 0.625183 0.048828 0.043924