1 0.973633 0.214391 0.026367 0.038179
1 0.949219 0.276065 0.026367 0.052863
1 0.938477 0.221733 0.026367 0.054332
1 0.894531 0.252570 0.031250 0.058737
1 0.823242 0.383260 0.063477 0.110132
1 0.781250 0.418502 0.036133 0.076358
1 0.722656 0.399413 0.049805 0.091043
1 0.840820 0.259912 0.024414 0.048458
1 0.754883 0.267254 0.026367 0.038179
1 0.776367 0.299559 0.018555 0.039648
1 0.735352 0.315712 0.022461 0.041116
1 0.678711 0.281938 0.024414 0.049927
1 0.661133 0.320117 0.022461 0.041116
1 0.631836 0.312775 0.019531 0.030837
1 0.606445 0.293686 0.024414 0.049927
1 0.546875 0.314244 0.023438 0.044053
1 0.564453 0.318649 0.018555 0.044053
1 0.545898 0.493392 0.022461 0.042584
1 0.612305 0.519824 0.026367 0.048458
1 0.523438 0.528634 0.029297 0.045521
1 0.500977 0.453744 0.022461 0.041116
1 0.471680 0.530103 0.024414 0.042584
1 0.454102 0.496329 0.022461 0.036711
1 0.490234 0.334802 0.024414 0.057269
1 0.467773 0.339207 0.021484 0.038179
1 0.449219 0.345081 0.019531 0.032305
1 0.421875 0.327460 0.021484 0.039648
1 0.396484 0.359765 0.019531 0.038179
1 0.380859 0.365639 0.020508 0.036711
1 0.352539 0.383260 0.022461 0.042584
1 0.398438 0.493392 0.018555 0.036711
1 0.382813 0.512482 0.021484 0.039648
1 0.406250 0.524229 0.020508 0.039648
1 0.434570 0.560940 0.024414 0.046990
1 0.358398 0.556535 0.022461 0.046990
1 0.330078 0.364170 0.019531 0.032305
1 0.295898 0.377386 0.021484 0.038179
1 0.248047 0.390602 0.021484 0.039648
1 0.218750 0.387665 0.019531 0.038179
1 0.328125 0.516887 0.019531 0.038179
1 0.314453 0.569750 0.020508 0.036711
1 0.245117 0.541850 0.019531 0.035242
1 0.228516 0.566814 0.022461 0.044053
1 0.282227 0.580029 0.023438 0.044053
1 0.211914 0.590308 0.024414 0.048458
1 0.178711 0.497797 0.020508 0.039648
1 0.180664 0.412628 0.019531 0.036711
1 0.173828 0.381791 0.016602 0.027900
1 0.153320 0.380323 0.017578 0.029369
1 0.159180 0.449339 0.020508 0.035242
1 0.125000 0.399413 0.019531 0.035242
1 0.105469 0.421439 0.019531 0.039648
1 0.096680 0.390602 0.015625 0.026432
1 0.136719 0.530103 0.017578 0.039648
1 0.136719 0.596182 0.026367 0.044053
1 0.059570 0.656388 0.023438 0.045521
1 0.053711 0.603524 0.025391 0.039648
1 0.081055 0.720999 0.043945 0.073421
1 0.028320 0.748899 0.039063 0.070485
1 0.066406 0.384728 0.022461 0.045521
1 0.017578 0.400881 0.022461 0.036711