1 0.048250 0.038329 0.057090 0.071253
0 0.048250 0.347912 0.053407 0.091400
0 0.243462 0.264373 0.061878 0.080590
0 0.282873 0.066339 0.063352 0.091892
1 0.061878 0.471744 0.050092 0.085012
0 0.022468 0.880590 0.041989 0.129238
0 0.095028 0.782310 0.070350 0.116462
0 0.143646 0.713022 0.057090 0.107617
0 0.248619 0.489435 0.055249 0.093857
0 0.492818 0.136609 0.061878 0.076167
0 0.485451 0.267322 0.067035 0.091892
0 0.503131 0.421622 0.061878 0.091400
0 0.366483 0.922850 0.070350 0.111548
0 0.521915 0.747912 0.070350 0.091400
0 0.576427 0.822604 0.075506 0.111548
0 0.661142 0.485012 0.053775 0.085012
0 0.682136 0.264373 0.061878 0.089435
0 0.776796 0.258477 0.060405 0.100737
0 0.855985 0.081081 0.045304 0.071744
0 0.935912 0.339066 0.067035 0.082555
0 0.966851 0.638329 0.061878 0.086978