1 0.043945 0.721816 0.020508 0.061493
0 0.096680 0.729136 0.042969 0.071742
0 0.174805 0.698389 0.018555 0.043924
0 0.260742 0.754026 0.039063 0.061493
1 0.326172 0.568082 0.023438 0.046852
0 0.353516 0.584187 0.036133 0.046852
0 0.396484 0.597365 0.030273 0.040996
1 0.368164 0.666179 0.032227 0.052709
0 0.322266 0.699854 0.036133 0.051245
0 0.414063 0.676428 0.036133 0.061493
0 0.456055 0.625183 0.033203 0.061493
0 0.547852 0.594436 0.031250 0.043924
0 0.503906 0.699854 0.039063 0.062958
0 0.526367 0.774524 0.042969 0.076135
0 0.599609 0.581259 0.037109 0.057101
1 0.574219 0.963397 0.047852 0.071742
0 0.567383 0.484627 0.027344 0.038067
0 0.511719 0.448023 0.024414 0.039531
0 0.615234 0.489019 0.025391 0.040996
0 0.728516 0.412884 0.024414 0.036603
0 0.787109 0.424597 0.018555 0.030747
0 0.905273 0.500732 0.024414 0.036603