0 0.084167 0.315556 0.049167 0.100741
0 0.167500 0.376296 0.045000 0.091852
0 0.352500 0.351111 0.055000 0.112593
0 0.405000 0.327407 0.040833 0.082963
0 0.451667 0.561481 0.052500 0.097778
0 0.525833 0.315556 0.030833 0.080000
0 0.560833 0.325926 0.045833 0.091852
0 0.612500 0.360000 0.040833 0.080000
0 0.650000 0.394074 0.044167 0.090370
0 0.712500 0.416296 0.055833 0.103704
0 0.766667 0.302222 0.036667 0.077037
1 0.807500 0.302222 0.037500 0.066667
0 0.882500 0.281481 0.041667 0.088889
0 0.938333 0.305185 0.049167 0.100741
0 0.298333 0.280000 0.034167 0.072593
0 0.475833 0.324444 0.035000 0.066667
0 0.366667 0.281481 0.037500 0.068148
0 0.840000 0.302222 0.025000 0.053333