0 0.085625 0.472222 0.044375 0.127778
0 0.283750 0.438889 0.039375 0.103333
0 0.333750 0.502222 0.060625 0.097778
0 0.396875 0.370000 0.042500 0.092222
1 0.446250 0.390000 0.053750 0.106667
0 0.507500 0.503333 0.075625 0.155556
1 0.501250 0.302222 0.046250 0.081111
1 0.581250 0.286667 0.050000 0.102222
1 0.701875 0.343333 0.048125 0.092222
0 0.673125 0.461111 0.048750 0.100000
0 0.743750 0.440000 0.051250 0.116667
0 0.891250 0.357778 0.043750 0.087778
0 0.790625 0.485556 0.066875 0.118889
1 0.957500 0.391111 0.061875 0.103333
1 0.185000 0.358889 0.030000 0.056667
1 0.815625 0.338889 0.030625 0.062222
0 0.930000 0.322222 0.026250 0.053333