1 0.136667 0.444225 0.063889 0.106614
1 0.142222 0.301086 0.056667 0.085884
0 0.216111 0.283317 0.048889 0.069102
1 0.274444 0.344521 0.046111 0.076999
0 0.306667 0.265548 0.045000 0.083909
1 0.235556 0.197433 0.051667 0.101678
0 0.128333 0.625864 0.051111 0.143139
1 0.193889 0.683119 0.076111 0.147088
1 0.264444 0.795656 0.075556 0.156960
0 0.370556 0.872655 0.098889 0.187562
0 0.371111 0.515301 0.065000 0.131293
0 0.369444 0.347483 0.061667 0.087858
1 0.367222 0.177690 0.038333 0.070089
0 0.463333 0.189536 0.043333 0.094768
0 0.443333 0.243830 0.031111 0.087858
0 0.511111 0.188549 0.042222 0.084896
1 0.571667 0.134255 0.040556 0.081935
1 0.620000 0.210267 0.063333 0.112537
0 0.464444 0.452122 0.055556 0.104640
0 0.456111 0.625864 0.063889 0.102665
0 0.563333 0.509378 0.062778 0.129319
1 0.482222 0.803554 0.043889 0.106614
1 0.432778 0.838105 0.041111 0.156960
0 0.616111 0.907206 0.088889 0.164857
0 0.643889 0.562685 0.070556 0.122409
0 0.703333 0.788746 0.053333 0.153998
0 0.678889 0.408687 0.050556 0.095755
0 0.757222 0.528134 0.058333 0.112537
1 0.678333 0.121422 0.049444 0.086871
1 0.676667 0.241856 0.038333 0.066140
1 0.726111 0.151037 0.045000 0.076999
0 0.819444 0.115499 0.035000 0.079961
1 0.762222 0.256663 0.044444 0.080948
0 0.839444 0.507404 0.069444 0.079961
1 0.892222 0.742349 0.080556 0.124383