0 0.346191 0.781250 0.112793 0.206597
0 0.530273 0.132813 0.041992 0.095486
1 0.733887 0.123264 0.062500 0.101563
0 0.632813 0.378472 0.051758 0.107639
1 0.282715 0.065104 0.017578 0.033854
1 0.334961 0.078993 0.018066 0.036458
1 0.422852 0.049479 0.019043 0.030382
0 0.817871 0.184896 0.028320 0.039931
0 0.682617 0.064236 0.023926 0.040799
1 0.589355 0.046875 0.016602 0.044271
1 0.617188 0.014757 0.013184 0.027778
0 0.372559 0.115451 0.022461 0.047743
0 0.369629 0.183160 0.039063 0.104167