0 0.045410 0.591797 0.072754 0.109375
0 0.083008 0.429036 0.033691 0.055339
0 0.118652 0.394531 0.022461 0.039714
0 0.196289 0.429036 0.033691 0.044271
0 0.233398 0.363281 0.024414 0.041016
0 0.170410 0.349609 0.019531 0.028646
0 0.285645 0.531901 0.104980 0.167969
0 0.402344 0.390625 0.021484 0.031250
0 0.289063 0.354167 0.020996 0.025391
0 0.442383 0.454427 0.039063 0.052734
0 0.541504 0.445313 0.057129 0.084635
0 0.490723 0.392578 0.013184 0.030599
0 0.583496 0.354167 0.025879 0.031901
0 0.701660 0.395182 0.024902 0.025391
0 0.748535 0.443359 0.022461 0.033203
0 0.824219 0.449219 0.046387 0.066406
0 0.892090 0.401693 0.019531 0.031901
0 0.989258 0.466146 0.020996 0.063151
0 0.776855 0.401693 0.020020 0.031250
0 0.961426 0.391276 0.020020 0.033203