0 0.082857 0.315714 0.046667 0.074286
0 0.146667 0.282857 0.037143 0.061429
0 0.197143 0.250000 0.029524 0.048571
0 0.266667 0.325714 0.048571 0.071429
0 0.419048 0.315714 0.046667 0.071429
0 0.506667 0.247143 0.081905 0.134286
0 0.603810 0.240000 0.041905 0.087143
0 0.695238 0.324286 0.028571 0.045714
0 0.761905 0.278571 0.041905 0.072857
0 0.852381 0.330000 0.036190 0.061429
0 0.936190 0.302857 0.035238 0.062857
0 0.970476 0.292857 0.020000 0.048571
0 0.279048 0.237143 0.028571 0.035714