0 0.109524 0.562857 0.111429 0.172857
0 0.205714 0.815714 0.121905 0.200000
0 0.316190 0.472857 0.066667 0.107143
0 0.238095 0.477143 0.049524 0.065714
0 0.305714 0.345714 0.047619 0.077143
0 0.417143 0.377143 0.044762 0.092857
0 0.380952 0.344286 0.028571 0.045714
0 0.478095 0.500000 0.069524 0.120000
0 0.620952 0.390000 0.067619 0.120000
0 0.772381 0.347143 0.050476 0.094286
0 0.760952 0.600000 0.093333 0.140000
0 0.858095 0.887143 0.145714 0.202857
0 0.889524 0.377143 0.040000 0.072857
0 0.951429 0.452857 0.049524 0.067143
0 0.959048 0.712857 0.081905 0.214286
0 0.686667 0.418571 0.041905 0.070000
0 0.952381 0.352857 0.037143 0.047143