1 0.906250 0.341421 0.012695 0.032929
1 0.935547 0.320624 0.008789 0.024263
1 0.875977 0.320624 0.015625 0.032929
1 0.630859 0.533795 0.038086 0.077990
1 0.645508 0.317158 0.032227 0.077990
1 0.612305 0.298094 0.026367 0.058925
1 0.553711 0.306759 0.031250 0.067591
1 0.500977 0.339688 0.024414 0.057192
1 0.441406 0.322357 0.026367 0.051993
1 0.493164 0.521664 0.036133 0.077990
1 0.392578 0.311958 0.024414 0.058925
1 0.400391 0.514731 0.034180 0.071057
1 0.313477 0.596187 0.030273 0.071057
1 0.246094 0.563258 0.034180 0.074523
1 0.360352 0.393414 0.027344 0.067591
1 0.348633 0.322357 0.021484 0.051993
1 0.308594 0.357019 0.024414 0.053726
1 0.263672 0.341421 0.025391 0.048527
1 0.227539 0.379549 0.029297 0.071057
1 0.181641 0.346620 0.028320 0.055459
1 0.157227 0.377816 0.025391 0.065858