0 0.046973 0.266779 0.050104 0.098993
0 0.107516 0.248322 0.059499 0.097315
0 0.276618 0.147651 0.045929 0.093960
0 0.237996 0.343960 0.043841 0.104027
0 0.315240 0.300336 0.050104 0.098993
0 0.396660 0.310403 0.056367 0.102349
0 0.447808 0.231544 0.057411 0.092282
0 0.511482 0.285235 0.058455 0.098993
0 0.570981 0.251678 0.059499 0.104027
0 0.693111 0.280201 0.048017 0.087248
0 0.747390 0.285235 0.043841 0.105705
0 0.839248 0.251678 0.064718 0.112416
0 0.943633 0.238255 0.058455 0.105705
0 0.342380 0.197987 0.052192 0.092282
0 0.988518 0.382550 0.022965 0.080537