0 0.072500 0.067542 0.026250 0.046904
0 0.148750 0.052533 0.025000 0.039400
0 0.310000 0.084428 0.026250 0.056285
0 0.428750 0.031895 0.027500 0.045028
0 0.066250 0.202627 0.031250 0.052533
0 0.146250 0.168856 0.031250 0.046904
0 0.281250 0.161351 0.030000 0.050657
0 0.302500 0.230769 0.028750 0.045028
0 0.241250 0.309568 0.032500 0.045028
0 0.078750 0.292683 0.036250 0.054409
0 0.035000 0.362101 0.033750 0.054409
0 0.105000 0.414634 0.035000 0.045028
0 0.102500 0.485929 0.030000 0.060038
0 0.163750 0.515947 0.033750 0.058161
0 0.172500 0.598499 0.043750 0.063790
0 0.125000 0.799250 0.045000 0.060038
0 0.150000 0.924953 0.045000 0.071295
0 0.252500 0.872420 0.045000 0.058161
0 0.327500 0.502814 0.040000 0.054409
0 0.347500 0.360225 0.031250 0.048780
0 0.377500 0.819887 0.046250 0.073171
0 0.442500 0.564728 0.037500 0.067542
0 0.501250 0.099437 0.027500 0.033771
0 0.525000 0.157598 0.028750 0.045028
0 0.588750 0.112570 0.028750 0.045028
0 0.562500 0.202627 0.031250 0.046904
0 0.658750 0.191370 0.030000 0.045028
0 0.633750 0.251407 0.035000 0.058161
0 0.597500 0.405253 0.033750 0.056285
0 0.550000 0.495310 0.035000 0.063790
0 0.715000 0.793621 0.043750 0.073171
0 0.768750 0.377111 0.036250 0.061914
0 0.797500 0.547842 0.037500 0.058161
0 0.786250 0.045028 0.028750 0.039400
0 0.813750 0.026266 0.022500 0.045028
1 0.926250 0.063790 0.021250 0.045028
0 0.838750 0.112570 0.026250 0.037523
0 0.956250 0.350844 0.028750 0.039400
0 0.897500 0.493433 0.035000 0.058161
0 0.917500 0.690432 0.030000 0.054409
0 0.953750 0.741088 0.040000 0.056285