0 0.025000 0.160185 0.041146 0.080556
0 0.083854 0.208333 0.053125 0.100000
1 0.100000 0.360185 0.051562 0.096296
0 0.047917 0.856481 0.077083 0.141667
0 0.260937 0.106481 0.058854 0.087037
0 0.274479 0.384259 0.056771 0.113889
0 0.167708 0.650926 0.057292 0.132407
0 0.125521 0.740741 0.071875 0.138889
0 0.377083 0.913889 0.066146 0.132407
0 0.486979 0.106481 0.068229 0.102778
0 0.500000 0.299074 0.063542 0.111111
0 0.518229 0.696296 0.057813 0.097222
0 0.568229 0.789815 0.076042 0.130556
0 0.661458 0.104630 0.060417 0.100926
0 0.640104 0.378704 0.054688 0.112037
0 0.748437 0.102778 0.070313 0.125000
0 0.825000 0.033333 0.054167 0.063889
0 0.895312 0.200000 0.065625 0.105556
0 0.931250 0.569444 0.072917 0.110185