0 0.022449 0.248188 0.030612 0.070652
0 0.133673 0.110507 0.060204 0.126812
0 0.259184 0.324275 0.021429 0.070652
0 0.372449 0.327899 0.025510 0.057971
0 0.408163 0.148551 0.034694 0.092391
0 0.517347 0.170290 0.026531 0.083333
0 0.506122 0.228261 0.028571 0.067029
0 0.656122 0.228261 0.035714 0.068841
0 0.706122 0.235507 0.032653 0.070652
0 0.771429 0.300725 0.017347 0.047101
0 0.818367 0.246377 0.036735 0.070652
0 0.892857 0.271739 0.030612 0.063406
0 0.927551 0.273551 0.026531 0.067029