0 0.043333 0.317000 0.058667 0.087000
0 0.051333 0.463000 0.064000 0.086000
0 0.156000 0.373000 0.086667 0.155000
0 0.248000 0.395000 0.051333 0.082000
0 0.507333 0.181000 0.073333 0.120000
0 0.824667 0.326000 0.104667 0.170000
0 0.909333 0.450000 0.046667 0.081000
0 0.703333 0.450000 0.052000 0.062000
0 0.760667 0.433000 0.033333 0.055000
0 0.253333 0.303000 0.052000 0.073000
0 0.928000 0.371000 0.038000 0.056000
0 0.944667 0.480000 0.030000 0.063000
0 0.557333 0.253000 0.032000 0.089000