0 0.084375 0.5263774912075029 0.07109375 0.12661195779601406
0 0.13203125 0.9085580304806565 0.09609375 0.1817116060961313
0 0.2515625 0.6365767878077374 0.0640625 0.1254396248534584
0 0.2859375 0.406799531066823 0.04140625 0.07737397420867527
0 0.3484375 0.3516998827667057 0.03828125 0.07620164126611957
0 0.50078125 0.46072684642438455 0.04375 0.08558030480656506
0 0.55546875 0.34466588511137164 0.040625 0.07971864009378664
0 0.67578125 0.4361078546307151 0.03671875 0.06330597889800703
0 0.76953125 0.48651817116060964 0.03671875 0.07620164126611957
0 0.8671875 0.5849941383352872 0.040625 0.11254396248534584
0 0.5984375 0.3083235638921454 0.04375 0.08089097303634232