0 0.082031 0.232353 0.087891 0.150000
0 0.167969 0.391176 0.140625 0.200000
0 0.402344 0.364706 0.072266 0.100000
0 0.437500 0.214706 0.066406 0.082353
0 0.458984 0.291176 0.058594 0.108824
0 0.533203 0.264706 0.115234 0.161765
0 0.677734 0.264706 0.068359 0.100000
1 0.648438 0.126471 0.046875 0.070588
1 0.740234 0.202941 0.046875 0.073529
0 0.812500 0.276471 0.070313 0.117647
0 0.886719 0.444118 0.111328 0.152941
0 0.886719 0.241176 0.054688 0.079412
0 0.859375 0.120588 0.052734 0.073529