1 0.368164 0.102865 0.026367 0.044271
1 0.374023 0.164063 0.025391 0.049479
1 0.329102 0.178385 0.027344 0.046875
1 0.291992 0.246094 0.036133 0.063802
1 0.328125 0.264323 0.028320 0.045573
1 0.395508 0.234375 0.031250 0.055990
1 0.451172 0.178385 0.021484 0.040365
1 0.496094 0.169271 0.027344 0.046875
1 0.482422 0.225260 0.029297 0.049479
1 0.433594 0.246094 0.039063 0.065104
1 0.565430 0.210938 0.026367 0.044271
1 0.560547 0.180990 0.022461 0.039063
1 0.606445 0.162760 0.023438 0.046875
1 0.638672 0.164063 0.026367 0.050781
1 0.640625 0.234375 0.029297 0.050781
1 0.601563 0.286458 0.025391 0.049479
1 0.674805 0.299479 0.034180 0.062500
1 0.536133 0.326823 0.039063 0.067708
1 0.560547 0.408854 0.039063 0.069010
1 0.666016 0.390625 0.037109 0.061198
1 0.730469 0.381510 0.036133 0.065104
1 0.388672 0.419271 0.036133 0.062500
1 0.209961 0.420573 0.043945 0.082031
1 0.240234 0.291667 0.041992 0.082031
1 0.635742 0.463542 0.041992 0.070313
1 0.753906 0.449219 0.039063 0.070313
1 0.830078 0.442708 0.041992 0.074219