0 0.096000 0.753108 0.169000 0.321492
0 0.263000 0.616341 0.103000 0.190053
1 0.302000 0.380107 0.065000 0.110124
0 0.411000 0.515098 0.085000 0.149201
1 0.477000 0.355240 0.035000 0.117229
0 0.548000 0.422735 0.109000 0.214920
0 0.644000 0.422735 0.087000 0.181172
1 0.674000 0.136767 0.044000 0.083481
0 0.865000 0.213144 0.048000 0.076377
0 0.919000 0.182948 0.053000 0.101243
0 0.740000 0.314387 0.048000 0.087034
0 0.783000 0.419183 0.072000 0.143872
0 0.960000 0.440497 0.067000 0.134991
0 0.754000 0.914742 0.133000 0.170515
0 0.442000 0.101243 0.033000 0.055062
1 0.597000 0.134991 0.032000 0.072824
1 0.778000 0.049734 0.031000 0.047957