1 0.138281 0.173611 0.067187 0.113889
1 0.343750 0.054167 0.031250 0.065278
1 0.494531 0.070833 0.035937 0.070833
0 0.535156 0.115278 0.053906 0.112500
1 0.384375 0.193056 0.060156 0.093056
0 0.361719 0.350000 0.077344 0.148611
1 0.200000 0.368056 0.062500 0.070833
0 0.123438 0.800000 0.067187 0.119444
0 0.308594 0.477778 0.075781 0.152778
0 0.475781 0.437500 0.109375 0.198611
1 0.626563 0.219444 0.041406 0.079167
0 0.671875 0.255556 0.064062 0.126389
0 0.863281 0.268056 0.095312 0.173611
0 0.714063 0.694444 0.117969 0.222222