0 0.1285 0.048270893371757925 0.016 0.023054755043227664
0 0.088 0.19956772334293948 0.019 0.029538904899135448
1 0.1395 0.2896253602305475 0.024 0.03314121037463977
0 0.129 0.37175792507204614 0.028 0.03962536023054755
0 0.1765 0.37824207492795386 0.0165 0.037463976945244955
0 0.0165 0.4819884726224784 0.0245 0.040345821325648415
0 0.0705 0.46325648414985593 0.0255 0.030979827089337175
0 0.131 0.4755043227665706 0.028 0.037463976945244955
1 0.1125 0.5706051873198847 0.0275 0.040345821325648415
0 0.074 0.7060518731988472 0.0265 0.03170028818443804
1 0.16 0.6325648414985591 0.023 0.03962536023054755
0 0.3615 0.018731988472622477 0.018 0.02521613832853026
0 0.352 0.05763688760806916 0.0215 0.030979827089337175
0 0.3165 0.09293948126801153 0.0155 0.026657060518731988
0 0.3 0.12103746397694524 0.015 0.027377521613832854
0 0.265 0.14913544668587897 0.02 0.027377521613832854
0 0.244 0.23919308357348704 0.017 0.02377521613832853
1 0.2125 0.25 0.0175 0.024495677233429394
0 0.222 0.2838616714697406 0.0195 0.028097982708933718
1 0.266 0.2910662824207493 0.021 0.02881844380403458
0 0.2635 0.4027377521613833 0.0205 0.0345821325648415
1 0.284 0.45172910662824206 0.0175 0.029538904899135448
0 0.289 0.5626801152737753 0.028 0.04250720461095101
0 0.261 0.6123919308357348 0.0295 0.043227665706051875
0 0.3245 0.7780979827089337 0.033 0.04899135446685879
0 0.2455 0.9495677233429395 0.038 0.056195965417867436
0 0.4535 0.018011527377521614 0.011 0.020172910662824207
0 0.4175 0.05763688760806916 0.015 0.025936599423631124
0 0.3925 0.069164265129683 0.017 0.02377521613832853
1 0.401 0.11743515850144093 0.0135 0.02377521613832853
0 0.4305 0.10590778097982709 0.0185 0.032420749279538905
0 0.325 0.20893371757925072 0.019 0.027377521613832854
0 0.3975 0.2053314121037464 0.0175 0.02881844380403458
1 0.3455 0.2413544668587896 0.02 0.03025936599423631
1 0.3005 0.27089337175792505 0.017 0.028097982708933718
0 0.3675 0.29394812680115273 0.022 0.032420749279538905
0 0.342 0.3703170028818444 0.023 0.028097982708933718
0 0.453 0.32780979827089335 0.022 0.0345821325648415
0 0.42 0.37175792507204614 0.0245 0.02881844380403458
0 0.3555 0.4610951008645533 0.0195 0.03674351585014409
0 0.431 0.43371757925072046 0.0235 0.03890489913544669
0 0.3755 0.6246397694524496 0.0255 0.04178674351585014
0 0.3795 0.7002881844380403 0.0255 0.04250720461095101
0 0.4095 0.7118155619596542 0.029 0.04394812680115274
0 0.412 0.9373198847262247 0.036 0.05403458213256484
0 0.461 0.792507204610951 0.017 0.03602305475504323
0 0.4695 0.5893371757925072 0.0265 0.040345821325648415
0 0.454 0.5489913544668588 0.0255 0.029538904899135448
0 0.476 0.06844380403458213 0.013 0.02089337175792507
0 0.5445 0.03386167146974063 0.0125 0.021613832853025938
0 0.539 0.10662824207492795 0.0165 0.02521613832853026
0 0.573 0.06340057636887608 0.0165 0.025936599423631124
0 0.496 0.14048991354466858 0.0165 0.028097982708933718
0 0.5065 0.24063400576368876 0.0205 0.024495677233429394
0 0.561 0.3004322766570605 0.019 0.030979827089337175
0 0.4845 0.3659942363112392 0.02 0.035302593659942365
0 0.556 0.34942363112391933 0.0195 0.02881844380403458
0 0.5375 0.37824207492795386 0.0225 0.03962536023054755
0 0.4955 0.45677233429394815 0.0195 0.03386167146974063
0 0.629 0.010806916426512969 0.015 0.020172910662824207
0 0.64 0.08861671469740634 0.0165 0.025936599423631124
0 0.667 0.07060518731988473 0.014 0.023054755043227664
0 0.693 0.08789625360230548 0.011 0.021613832853025938
0 0.702 0.0936599423631124 0.0145 0.02521613832853026
1 0.6765 0.13904899135446686 0.013 0.023054755043227664
0 0.734 0.10951008645533142 0.0155 0.025936599423631124
1 0.737 0.14265129682997119 0.015 0.02521613832853026
0 0.7095 0.20389048991354466 0.0175 0.026657060518731988
1 0.645 0.16930835734870317 0.017 0.021613832853025938
0 0.6235 0.18876080691642652 0.019 0.030979827089337175
0 0.635 0.29971181556195964 0.0185 0.02521613832853026
0 0.604 0.39481268011527376 0.0245 0.030979827089337175
0 0.6695 0.3868876080691643 0.02 0.028097982708933718
0 0.596 0.5252161383285303 0.0275 0.030979827089337175
0 0.6035 0.7622478386167147 0.0325 0.0446685878962536
0 0.5475 0.8710374639769453 0.0345 0.051152737752161385
0 0.647 0.829971181556196 0.033 0.04610951008645533
0 0.766 0.010806916426512969 0.016 0.02089337175792507
0 0.82 0.07636887608069164 0.015 0.026657060518731988
1 0.8385 0.09293948126801153 0.014 0.021613832853025938
0 0.8205 0.1440922190201729 0.0125 0.023054755043227664
0 0.8265 0.17146974063400577 0.0175 0.02521613832853026
0 0.774 0.2420749279538905 0.02 0.03170028818443804
0 0.819 0.3069164265129683 0.0185 0.030979827089337175
0 0.696 0.4272334293948127 0.0215 0.035302593659942365
0 0.731 0.404178674351585 0.0215 0.032420749279538905
0 0.718 0.46397694524495675 0.025 0.0345821325648415
0 0.7265 0.5389048991354467 0.0215 0.04106628242074928
0 0.6985 0.5561959654178674 0.0275 0.043227665706051875
0 0.7565 0.9185878962536023 0.0345 0.053314121037463975
0 0.9025 0.978386167146974 0.039 0.04250720461095101
0 0.965 0.984149855907781 0.0375 0.030979827089337175
0 0.9075 0.80835734870317 0.0325 0.043227665706051875
0 0.9415 0.7867435158501441 0.0285 0.05187319884726225
0 0.9435 0.6059077809798271 0.0285 0.04394812680115274
0 0.9445 0.5353025936599424 0.027 0.037463976945244955
0 0.9945 0.49063400576368876 0.0105 0.03602305475504323
0 0.8975 0.47910662824207495 0.02 0.019452449567723344
0 0.9145 0.4373198847262248 0.0225 0.03386167146974063
0 0.882 0.3760806916426513 0.022 0.0345821325648415
0 0.9245 0.32204610951008644 0.0195 0.0345821325648415
0 0.8715 0.32204610951008644 0.021 0.032420749279538905
0 0.8505 0.2824207492795389 0.0185 0.032420749279538905
0 0.908 0.27593659942363113 0.0135 0.023054755043227664
0 0.855 0.22334293948126802 0.019 0.028097982708933718
0 0.87 0.16786743515850144 0.0165 0.026657060518731988
0 0.961 0.18371757925072046 0.011 0.025936599423631124
0 0.982 0.10662824207492795 0.016 0.024495677233429394
0 0.8955 0.07348703170028818 0.016 0.024495677233429394
0 0.869 0.043227665706051875 0.0135 0.024495677233429394
1 0.9575 0.030979827089337175 0.012 0.020172910662824207
1 0.9935 0.07204610951008646 0.0125 0.020172910662824207