0 0.041818 0.953150 0.071818 0.092084
0 0.121818 0.854604 0.070909 0.134087
0 0.165455 0.768982 0.053636 0.119548
1 0.094545 0.479806 0.050000 0.092084
0 0.263636 0.502423 0.048182 0.109855
0 0.260000 0.221325 0.057273 0.092084
0 0.083636 0.326333 0.045455 0.106624
0 0.022727 0.281099 0.030909 0.085622
0 0.562727 0.904685 0.071818 0.127625
0 0.518182 0.809370 0.064545 0.098546
0 0.499091 0.415186 0.061818 0.108239
0 0.481818 0.222940 0.060909 0.090468
0 0.487273 0.066236 0.055455 0.075929
0 0.661818 0.222940 0.054545 0.111470
0 0.640909 0.489499 0.053636 0.103393
0 0.748182 0.221325 0.059091 0.116317
0 0.821818 0.138934 0.057273 0.087237
0 0.896364 0.318255 0.067273 0.101777
0 0.933636 0.684976 0.062727 0.101777