1 0.160156 0.257687 0.029297 0.045388
1 0.284180 0.335286 0.022461 0.042460
1 0.316406 0.361640 0.019531 0.039531
1 0.321289 0.314788 0.018555 0.038067
1 0.419922 0.137628 0.050781 0.081991
1 0.683594 0.320644 0.022461 0.043924
1 0.786133 0.342606 0.017578 0.027818
1 0.839844 0.281113 0.032227 0.040996
1 0.450195 0.633968 0.027344 0.052709
1 0.549805 0.633968 0.025391 0.048316
1 0.585938 0.673499 0.018555 0.040996
1 0.910156 0.358712 0.016602 0.027818
1 0.408203 0.711567 0.032227 0.064422
1 0.874023 0.806735 0.052734 0.115666