1 0.517578 0.419971 0.016602 0.029369
1 0.464844 0.403818 0.013672 0.027900
1 0.024414 0.403818 0.011719 0.029369
1 0.056641 0.483113 0.012695 0.023495
1 0.253906 0.383260 0.009766 0.020558
1 0.267578 0.422907 0.016602 0.029369
1 0.295898 0.418502 0.011719 0.023495
1 0.330078 0.421439 0.009766 0.020558
1 0.356445 0.417034 0.017578 0.035242
1 0.621094 0.395007 0.021484 0.038179
1 0.659180 0.411160 0.016602 0.030837
1 0.708984 0.419971 0.011719 0.023495
1 0.782227 0.405286 0.017578 0.038179
1 0.882813 0.408223 0.016602 0.035242
1 0.902344 0.386197 0.010742 0.020558
1 0.842773 0.389134 0.011719 0.023495
1 0.992188 0.412628 0.014648 0.029369