0 0.107759 0.586592 0.079023 0.181564
0 0.068966 0.268156 0.063218 0.145251
0 0.136494 0.122905 0.057471 0.150838
0 0.225575 0.513966 0.066092 0.173184
0 0.165230 0.410615 0.056034 0.136872
0 0.333333 0.594972 0.060345 0.198324
0 0.272989 0.935754 0.094828 0.125698
0 0.426724 0.899441 0.110632 0.198324
0 0.420977 0.360335 0.071839 0.173184
0 0.341954 0.243017 0.061782 0.148045
0 0.544540 0.379888 0.058908 0.142458
0 0.577586 0.784916 0.081897 0.162011
0 0.629310 0.586592 0.063218 0.175978
0 0.604885 0.326816 0.066092 0.164804
0 0.662356 0.128492 0.054598 0.134078
1 0.535920 0.094972 0.047414 0.097765
0 0.765805 0.418994 0.058908 0.145251
0 0.807471 0.681564 0.089080 0.203911
0 0.857759 0.653631 0.057471 0.156425
0 0.965517 0.458101 0.068966 0.187151
0 0.925287 0.203911 0.061782 0.150838
0 0.943966 0.058659 0.053161 0.089385
0 0.849138 0.365922 0.067529 0.139665
0 0.974138 0.891061 0.047414 0.217877