1 0.102539 0.076135 0.031250 0.052709
1 0.273438 0.245974 0.028320 0.052709
1 0.305664 0.325037 0.032227 0.061493
1 0.189453 0.396779 0.032227 0.064422
1 0.062500 0.456808 0.045898 0.086384
1 0.372070 0.497804 0.035156 0.054173
1 0.477539 0.241581 0.022461 0.038067
1 0.478516 0.393851 0.028320 0.058565
1 0.380859 0.215227 0.024414 0.042460
1 0.589844 0.171303 0.024414 0.042460
1 0.669922 0.383602 0.032227 0.073206
1 0.538086 0.393851 0.028320 0.052709
1 0.535156 0.677892 0.041016 0.079063
1 0.702148 0.770132 0.043945 0.099561
1 0.299805 0.680820 0.041992 0.087848
1 0.386719 0.349927 0.034180 0.061493
1 0.891602 0.481698 0.042969 0.073206
1 0.738281 0.395315 0.037109 0.065886
1 0.246094 0.890190 0.045898 0.096633