0 0.109259 0.490969 0.075926 0.188834
0 0.272222 0.318555 0.089815 0.137931
0 0.087037 0.226601 0.047222 0.082102
0 0.326852 0.091954 0.043519 0.083744
0 0.462037 0.328407 0.052778 0.100164
0 0.523148 0.262726 0.036111 0.087028
0 0.622222 0.277504 0.034259 0.098522
0 0.572222 0.458128 0.059259 0.118227
0 0.604630 0.673235 0.062037 0.131363
0 0.762037 0.433498 0.067593 0.103448
0 0.598148 0.055829 0.028704 0.068966
0 0.823148 0.129721 0.037037 0.047619
0 0.956481 0.208539 0.068519 0.134647
0 0.467593 0.108374 0.021296 0.065681