0 0.090000 0.828333 0.061250 0.086667
0 0.220000 0.828333 0.058750 0.086667
0 0.331250 0.858333 0.056250 0.083333
0 0.505000 0.901667 0.068750 0.085000
0 0.795000 0.768333 0.061250 0.075000
0 0.953750 0.838333 0.055000 0.050000
0 0.665000 0.661667 0.058750 0.076667
0 0.851250 0.508333 0.047500 0.061667
0 0.980000 0.570000 0.033750 0.063333
0 0.720000 0.505000 0.036250 0.053333
0 0.543750 0.680000 0.056250 0.071667
0 0.408750 0.646667 0.053750 0.068333
0 0.226250 0.590000 0.030000 0.076667
0 0.190000 0.576667 0.055000 0.080000
0 0.121250 0.573333 0.051250 0.073333
0 0.013750 0.545000 0.025000 0.073333
0 0.021250 0.393333 0.040000 0.045000
0 0.131250 0.391667 0.045000 0.061667
0 0.263750 0.431667 0.040000 0.056667
0 0.345000 0.421667 0.045000 0.058333
0 0.470000 0.481667 0.051250 0.061667
0 0.571250 0.496667 0.048750 0.060000
0 0.966250 0.355000 0.042500 0.061667
0 0.815000 0.320000 0.028750 0.060000
0 0.723750 0.306667 0.040000 0.065000
0 0.651250 0.305000 0.045000 0.048333
0 0.538750 0.251667 0.040000 0.061667
0 0.483750 0.258333 0.033750 0.061667
0 0.373750 0.216667 0.033750 0.060000
0 0.292500 0.233333 0.033750 0.053333
0 0.180000 0.205000 0.031250 0.051667
0 0.086250 0.203333 0.038750 0.063333
0 0.020000 0.193333 0.037500 0.056667
0 0.018750 0.098333 0.030000 0.046667
0 0.117500 0.106667 0.022500 0.046667
0 0.207500 0.141667 0.033750 0.051667
0 0.333750 0.146667 0.028750 0.055000
0 0.485000 0.120000 0.027500 0.055000
0 0.575000 0.153333 0.035000 0.060000
0 0.696250 0.181667 0.036250 0.060000
0 0.788750 0.160000 0.038750 0.065000
0 0.901250 0.195000 0.036250 0.056667
0 0.986250 0.211667 0.026250 0.060000
0 0.816250 0.061667 0.031250 0.048333
0 0.741250 0.070000 0.036250 0.051667
0 0.642500 0.063333 0.032500 0.055000
0 0.598750 0.021667 0.025000 0.040000
0 0.515000 0.058333 0.033750 0.045000
0 0.447500 0.061667 0.033750 0.040000
0 0.380000 0.048333 0.033750 0.046667
0 0.293750 0.033333 0.037500 0.046667
0 0.176250 0.053333 0.025000 0.038333
0 0.111250 0.025000 0.023750 0.046667