0 0.846 0.1679160419790105 0.056 0.08995502248875563
0 0.936 0.30134932533733133 0.044 0.08245877061469266
0 0.645 0.19790104947526238 0.046 0.07196401799100449
0 0.71 0.2938530734632684 0.034 0.05697151424287856
0 0.092 0.21139430284857572 0.042 0.07496251874062969
0 0.119 0.280359820089955 0.055 0.09295352323838081
0 0.477 0.19640179910044978 0.065 0.10044977511244378
1 0.196 0.2938530734632684 0.055 0.08995502248875563
1 0.022 0.20089955022488756 0.042 0.06446776611694154
1 0.363 0.24737631184407796 0.047 0.0704647676161919
1 0.603 0.21889055472263869 0.036 0.05847076461769116
1 0.726 0.15592203898050974 0.047 0.06596701649175413
1 0.238 0.23238380809595202 0.035 0.06446776611694154