0 0.399000 0.254448 0.070000 0.128114
0 0.540000 0.395018 0.058000 0.108541
0 0.289000 0.889680 0.131000 0.218861
0 0.537000 0.934164 0.121000 0.131673
0 0.840000 0.202847 0.058000 0.106762
0 0.645000 0.153025 0.063000 0.101423
0 0.725000 0.158363 0.060000 0.129893
0 0.513000 0.254448 0.063000 0.128114
0 0.529000 0.048043 0.026000 0.078292
0 0.409000 0.087189 0.045000 0.083630
0 0.271000 0.033808 0.030000 0.064057
0 0.159000 0.087189 0.045000 0.076512
0 0.051000 0.122776 0.049000 0.069395
0 0.206000 0.055160 0.032000 0.064057
0 0.788000 0.040925 0.041000 0.078292
1 0.229000 0.122776 0.037000 0.078292