0 0.0325 0.24007220216606498 0.055 0.0812274368231047
0 0.08875 0.27978339350180503 0.0325 0.05415162454873646
0 0.24125 0.22743682310469315 0.03375 0.0631768953068592
0 0.3075 0.23104693140794225 0.05 0.08664259927797834
0 0.345 0.24187725631768953 0.02875 0.05054151624548736
0 0.395 0.2779783393501805 0.0375 0.05595667870036101
0 0.4675 0.27617328519855594 0.03625 0.052346570397111915
0 0.5675 0.315884476534296 0.0525 0.0703971119133574
0 0.61625 0.2184115523465704 0.045 0.06498194945848375
0 0.715 0.23826714801444043 0.03125 0.05415162454873646
0 0.75375 0.23465703971119134 0.0425 0.0703971119133574
0 0.83 0.3285198555956679 0.04875 0.0703971119133574
0 0.905 0.26895306859205775 0.04375 0.07942238267148015
0 0.425 0.26353790613718414 0.02 0.036101083032490974