1 0.095703 0.064422 0.055664 0.051977
1 0.187500 0.082723 0.048828 0.045388
1 0.376953 0.107613 0.065430 0.056369
1 0.514648 0.079063 0.087891 0.064422
1 0.739258 0.073939 0.076172 0.065154
1 0.883789 0.053441 0.081055 0.069546
1 0.911133 0.252562 0.094727 0.071010
1 0.738281 0.194729 0.068359 0.056369
1 0.568359 0.207174 0.083984 0.071742
1 0.401367 0.240117 0.071289 0.058565
1 0.269531 0.176428 0.055664 0.051245
1 0.092773 0.230600 0.056641 0.051977
1 0.311523 0.366764 0.066406 0.051245
1 0.465820 0.354319 0.036133 0.027818
1 0.583008 0.338214 0.033203 0.030015
1 0.875977 0.475842 0.095703 0.087116
1 0.751953 0.452416 0.096680 0.088580
1 0.633789 0.431918 0.041016 0.037335
1 0.511719 0.417277 0.037109 0.033675
1 0.392578 0.424597 0.037109 0.032943
1 0.247070 0.492679 0.071289 0.067350
1 0.134766 0.508785 0.063477 0.057101
1 0.267578 0.633236 0.088867 0.065886
1 0.460938 0.617862 0.078125 0.065154
1 0.640625 0.605417 0.073242 0.065154
1 0.810547 0.652269 0.054688 0.049048
1 0.928711 0.641288 0.056641 0.050512
1 0.093750 0.638360 0.087891 0.078331
1 0.824219 0.768668 0.047852 0.043192
1 0.952148 0.866764 0.052734 0.047584
1 0.781250 0.878477 0.052734 0.050512
1 0.600586 0.901171 0.071289 0.049048
1 0.446289 0.890190 0.064453 0.051977
1 0.283203 0.882138 0.076172 0.061493
1 0.077148 0.926061 0.069336 0.064422
1 0.099609 0.800146 0.057617 0.048316
1 0.253906 0.766471 0.055664 0.046852
1 0.108398 0.365300 0.065430 0.053441
1 0.458008 0.729868 0.083984 0.065886
1 0.702148 0.806003 0.041992 0.040264