1 0.682617 0.934114 0.063477 0.124451
1 0.514648 0.910688 0.046875 0.095168
1 0.036133 0.768668 0.042969 0.073206
1 0.043945 0.672035 0.028320 0.058565
1 0.067383 0.679356 0.019531 0.026354
1 0.070313 0.622255 0.016602 0.030747
1 0.041992 0.622255 0.012695 0.021962
1 0.125000 0.654466 0.013672 0.023426
1 0.106445 0.660322 0.010742 0.024890
1 0.127930 0.710102 0.030273 0.055637
1 0.162109 0.686676 0.040039 0.067350
1 0.203125 0.692533 0.021484 0.035139
1 0.214844 0.857980 0.054688 0.095168
1 0.321289 0.789165 0.034180 0.057101
1 0.286133 0.713031 0.031250 0.054173
1 0.339844 0.710102 0.024414 0.048316
1 0.306641 0.677892 0.016602 0.027818
1 0.270508 0.653001 0.017578 0.035139
1 0.294922 0.657394 0.017578 0.027818
1 0.371094 0.663250 0.016602 0.036603
1 0.384766 0.660322 0.012695 0.023426
1 0.449219 0.740849 0.035156 0.074671
1 0.428711 0.800878 0.016602 0.046852
1 0.540039 0.784773 0.034180 0.048316
1 0.509766 0.740849 0.031250 0.049780
1 0.527344 0.704246 0.017578 0.032211
1 0.558594 0.730600 0.021484 0.036603
1 0.545898 0.653001 0.009766 0.020498
1 0.635742 0.748170 0.027344 0.058565
1 0.595703 0.751098 0.022461 0.045388
1 0.670898 0.751098 0.017578 0.046852
1 0.680664 0.677892 0.011719 0.029283
1 0.750000 0.789165 0.023438 0.043924
1 0.725586 0.718887 0.022461 0.033675
1 0.793945 0.667643 0.016602 0.039531
1 0.931641 0.896047 0.065430 0.080527
1 0.802734 0.732064 0.022461 0.040996
1 0.978516 0.771596 0.024414 0.052709