1 0.036133 0.789883 0.035156 0.073930
1 0.059570 0.910506 0.064453 0.119326
1 0.205078 0.775616 0.012695 0.038911
1 0.221680 0.778210 0.014648 0.032425
1 0.268555 0.776913 0.013672 0.040208
1 0.375977 0.780804 0.011719 0.028534
1 0.518555 0.770428 0.010742 0.024643
1 0.541992 0.767834 0.012695 0.024643
1 0.599609 0.801556 0.011719 0.035019
1 0.647461 0.796368 0.015625 0.032425
1 0.622070 0.795071 0.013672 0.022049
1 0.782227 0.866407 0.049805 0.081712
1 0.687500 0.804150 0.017578 0.029831
1 0.720703 0.819715 0.013672 0.031128
1 0.824219 0.788586 0.013672 0.037613
1 0.807617 0.797665 0.019531 0.032425
1 0.935547 0.773022 0.017578 0.033722
1 0.973633 0.752270 0.014648 0.035019
1 0.403320 0.796368 0.012695 0.049287