1 0.899414 0.351563 0.045898 0.063802
1 0.770508 0.325521 0.040039 0.058594
1 0.696289 0.307292 0.041016 0.052083
1 0.597656 0.351563 0.039063 0.055990
1 0.610352 0.639323 0.044922 0.062500
1 0.530273 0.322917 0.038086 0.054688
1 0.364258 0.341146 0.045898 0.066406
1 0.459961 0.320313 0.038086 0.063802
1 0.249023 0.294271 0.039063 0.061198
1 0.178711 0.321615 0.046875 0.078125
1 0.060547 0.345052 0.021484 0.033854
1 0.415039 0.337240 0.016602 0.024740
1 0.321289 0.320313 0.014648 0.023438