1 0.074219 0.083333 0.011719 0.024074
1 0.016602 0.200000 0.018555 0.050000
1 0.010742 0.238889 0.013672 0.046296
1 0.114258 0.257407 0.020508 0.042593
1 0.086914 0.172222 0.017578 0.046296
1 0.076172 0.142593 0.015625 0.037037
1 0.147461 0.170370 0.018555 0.048148
1 0.181641 0.185185 0.022461 0.048148
1 0.220703 0.109259 0.010742 0.022222
1 0.297852 0.155556 0.015625 0.046296
1 0.222656 0.266667 0.026367 0.053704
1 0.177734 0.318519 0.032227 0.066667
1 0.303711 0.290741 0.033203 0.072222
1 0.360352 0.250000 0.028320 0.059259
1 0.287109 0.140741 0.017578 0.044444
1 0.375977 0.101852 0.013672 0.042593
1 0.409180 0.096296 0.009766 0.024074
1 0.397461 0.037037 0.009766 0.024074
1 0.428711 0.042593 0.011719 0.027778
1 0.452148 0.075926 0.012695 0.035185
1 0.447266 0.124074 0.015625 0.046296
1 0.477539 0.172222 0.019531 0.051852
1 0.478516 0.251852 0.023438 0.062963
1 0.499023 0.288889 0.035156 0.079630
1 0.583984 0.100000 0.016602 0.037037
1 0.540039 0.101852 0.012695 0.029630
1 0.507813 0.090741 0.011719 0.029630
1 0.618164 0.107407 0.016602 0.035185
1 0.600586 0.148148 0.024414 0.050000
1 0.606445 0.222222 0.030273 0.053704
1 0.659180 0.244444 0.030273 0.070370
1 0.708008 0.081481 0.013672 0.035185
1 0.726563 0.048148 0.013672 0.033333
1 0.738281 0.103704 0.021484 0.051852
1 0.808594 0.053704 0.008789 0.027778
1 0.835938 0.031481 0.009766 0.031481
1 0.916992 0.138889 0.023438 0.046296
1 0.873047 0.227778 0.029297 0.062963
1 0.780273 0.203704 0.031250 0.057407
1 0.769531 0.312963 0.037109 0.085185
1 0.978516 0.240741 0.026367 0.055556
1 0.947266 0.096296 0.009766 0.024074
1 0.890625 0.025926 0.007813 0.022222
1 0.826172 0.196296 0.025391 0.048148
1 0.671875 0.064815 0.010742 0.033333
1 0.636719 0.057407 0.011719 0.024074
1 0.594727 0.024074 0.009766 0.024074
1 0.020508 0.333333 0.027344 0.064815
1 0.090820 0.366667 0.018555 0.046296
1 0.328125 0.133333 0.011719 0.027778
1 0.713867 0.014815 0.010742 0.022222
1 0.564453 0.068519 0.014648 0.031481
1 0.514648 0.094444 0.012695 0.033333
1 0.990234 0.098148 0.018555 0.044444