1 0.185547 0.510516 0.021484 0.066922
1 0.225586 0.476099 0.016602 0.051625
1 0.279297 0.493308 0.017578 0.043977
1 0.314453 0.445507 0.013672 0.038241
1 0.344727 0.499044 0.016602 0.049713
1 0.413086 0.445507 0.017578 0.045889
1 0.443359 0.495220 0.017578 0.059273
1 0.569336 0.512428 0.021484 0.068834
1 0.613281 0.479924 0.017578 0.051625
1 0.666016 0.497132 0.016602 0.049713
1 0.704102 0.449331 0.015625 0.040153
1 0.801758 0.449331 0.015625 0.047801
1 0.830078 0.502868 0.019531 0.059273
1 0.732422 0.500956 0.017578 0.051625