0 0.045714 0.592640 0.084762 0.121827
0 0.085714 0.427665 0.039048 0.058376
0 0.121905 0.394670 0.025714 0.043147
0 0.170476 0.348985 0.023810 0.031726
0 0.022857 0.361675 0.022857 0.026650
0 0.197143 0.430203 0.037143 0.044416
0 0.235238 0.361675 0.027619 0.038071
0 0.286667 0.529188 0.114286 0.162437
0 0.291429 0.355330 0.025714 0.027919
0 0.377143 0.368020 0.016190 0.021574
0 0.400952 0.390863 0.026667 0.032995
0 0.442857 0.455584 0.043810 0.058376
0 0.541905 0.445431 0.061905 0.087563
0 0.508571 0.401015 0.022857 0.045685
0 0.445714 0.381980 0.018095 0.021574
0 0.583810 0.352792 0.027619 0.027919
0 0.700952 0.394670 0.025714 0.029188
0 0.700000 0.346447 0.016190 0.022843
0 0.747619 0.441624 0.024762 0.031726
0 0.776190 0.399746 0.020952 0.027919
0 0.825714 0.447970 0.049524 0.063452
0 0.891429 0.402284 0.023810 0.032995
0 0.988571 0.461929 0.021905 0.068528
0 0.960952 0.387056 0.031429 0.034264
1 0.543810 0.350254 0.013333 0.020305