1 0.078125 0.915078 0.039063 0.091854
1 0.442383 0.956672 0.066406 0.083189
1 0.532227 0.930676 0.075195 0.131716
1 0.906250 0.913345 0.046875 0.119584
1 0.927734 0.944541 0.052734 0.110919
1 0.978516 0.967071 0.040039 0.064125
1 0.415039 0.407279 0.057617 0.126516
1 0.708008 0.818024 0.037109 0.088388
1 0.701172 0.967071 0.060547 0.064125
1 0.634766 0.922010 0.048828 0.100520
1 0.294922 0.882149 0.065430 0.142114
1 0.093750 0.844021 0.024414 0.065858
1 0.015625 0.913345 0.029297 0.074523