1 0.749023 0.954612 0.077148 0.089312
1 0.339844 0.850659 0.051758 0.114202
1 0.061523 0.890190 0.062500 0.115666
1 0.958008 0.474378 0.074219 0.120059
1 0.889648 0.414348 0.029297 0.058565
1 0.749023 0.389458 0.040039 0.067350
1 0.596680 0.414348 0.057617 0.096633
1 0.491211 0.390922 0.038086 0.064422
1 0.562500 0.409956 0.015625 0.027818
1 0.456055 0.471449 0.036133 0.084919
1 0.426758 0.401171 0.028320 0.057101
1 0.304688 0.467057 0.039063 0.079063
1 0.289063 0.402635 0.022461 0.039531
1 0.376953 0.423133 0.023438 0.052709
1 0.186523 0.402635 0.026367 0.038067
1 0.097656 0.445095 0.021484 0.039531
1 0.044922 0.382138 0.011719 0.036603