1 0.337891 0.734748 0.031250 0.051724
1 0.254883 0.795756 0.031250 0.058355
1 0.331055 0.868700 0.050781 0.075597
1 0.154297 0.867374 0.040039 0.053050
1 0.141602 0.893899 0.040039 0.025199
1 0.044922 0.706897 0.030273 0.042440
1 0.083008 0.779841 0.035156 0.050398
1 0.133789 0.717507 0.031250 0.047745
1 0.218750 0.773210 0.035156 0.057029
1 0.291992 0.701592 0.028320 0.045093
1 0.346680 0.690981 0.026367 0.047745
1 0.254883 0.688329 0.022461 0.037135
1 0.062500 0.629973 0.019531 0.033156
1 0.018555 0.625995 0.018555 0.037135
1 0.117188 0.578249 0.014648 0.023873
1 0.105469 0.645889 0.017578 0.031830
1 0.442383 0.521220 0.013672 0.026525
1 0.486328 0.530504 0.012695 0.025199
1 0.461914 0.506631 0.011719 0.023873
1 0.514648 0.648541 0.023438 0.043767
1 0.570313 0.641910 0.020508 0.033156
1 0.554688 0.748011 0.034180 0.042440
1 0.608398 0.718833 0.029297 0.038462
1 0.606445 0.807692 0.038086 0.062334
1 0.624023 0.687003 0.018555 0.029178
1 0.690430 0.628647 0.020508 0.030504
1 0.662109 0.636605 0.018555 0.030504
1 0.695313 0.592838 0.016602 0.029178
1 0.691406 0.538462 0.012695 0.021220
1 0.555664 0.598143 0.013672 0.021220
1 0.592773 0.618037 0.015625 0.033156
1 0.595703 0.599469 0.014648 0.029178
1 0.493164 0.513263 0.010742 0.022546
1 0.485352 0.610080 0.017578 0.027851
1 0.471680 0.767905 0.029297 0.051724
1 0.508789 0.618037 0.016602 0.027851
1 0.561523 0.716180 0.026367 0.041114
1 0.746094 0.799735 0.035156 0.059682
1 0.760742 0.716180 0.029297 0.047745
1 0.811523 0.741379 0.036133 0.050398
1 0.846680 0.818302 0.041992 0.075597
1 0.885742 0.828912 0.028320 0.054377
1 0.874023 0.706897 0.022461 0.047745
1 0.784180 0.660477 0.022461 0.043767
1 0.731445 0.623342 0.022461 0.022546
1 0.724609 0.580902 0.012695 0.031830
1 0.084961 0.673740 0.018555 0.031830
1 0.110352 0.700265 0.017578 0.033156
1 0.204102 0.603448 0.015625 0.027851
1 0.245117 0.622016 0.018555 0.030504
1 0.229492 0.647215 0.016602 0.029178
1 0.031250 0.664456 0.020508 0.034483
1 0.334961 0.595491 0.014648 0.025199
1 0.186523 0.689655 0.024414 0.035809
1 0.013672 0.868700 0.028320 0.054377
1 0.387695 0.750663 0.031250 0.051724
1 0.380859 0.649867 0.016602 0.030504
1 0.303711 0.676393 0.018555 0.033156
1 0.251953 0.665782 0.023438 0.035809
1 0.386719 0.594164 0.015625 0.026525
1 0.367188 0.588859 0.013672 0.026525
1 0.477539 0.820955 0.039063 0.075597
1 0.432617 0.685676 0.022461 0.042440
1 0.484375 0.677719 0.024414 0.041114
1 0.428711 0.635279 0.018555 0.033156
1 0.448242 0.607427 0.016602 0.033156
1 0.441406 0.579576 0.014648 0.027851
1 0.732422 0.549072 0.012695 0.021220
1 0.753906 0.592838 0.017578 0.026525
1 0.862305 0.554377 0.013672 0.027851
1 0.883789 0.535809 0.016602 0.026525
1 0.833008 0.672414 0.022461 0.043767
1 0.815430 0.632626 0.019531 0.031830
1 0.913086 0.684350 0.024414 0.033156
1 0.535156 0.891247 0.048828 0.026525
1 0.959961 0.763926 0.036133 0.075597
1 0.943359 0.656499 0.021484 0.033156
1 0.983398 0.656499 0.029297 0.045093
1 0.928711 0.571618 0.016602 0.027851
1 0.955078 0.562334 0.015625 0.027851
1 0.885742 0.610080 0.015625 0.029178
1 0.196289 0.661804 0.019531 0.037135
1 0.156250 0.641910 0.017578 0.025199
1 0.190430 0.586207 0.013672 0.023873
1 0.316406 0.625995 0.013672 0.027851
1 0.443359 0.665782 0.018555 0.034483
1 0.416016 0.564987 0.015625 0.022546
1 0.460938 0.580902 0.010742 0.021220
1 0.609375 0.572944 0.013672 0.023873
1 0.569336 0.531830 0.012695 0.025199
1 0.583008 0.523873 0.011719 0.022546
1 0.859375 0.740053 0.022461 0.051724
1 0.750977 0.619363 0.022461 0.042440
1 0.826172 0.543767 0.012695 0.021220
1 0.606445 0.669761 0.024414 0.037135
1 0.356445 0.568966 0.016602 0.029178
1 0.655273 0.755968 0.023438 0.042440
1 0.476563 0.586207 0.017578 0.029178
1 0.635742 0.562334 0.013672 0.022546
1 0.958984 0.876658 0.041016 0.064987
1 0.045898 0.610080 0.018555 0.033156
1 0.103516 0.606101 0.015625 0.026525
1 0.394531 0.586207 0.011719 0.022546
1 0.329102 0.570292 0.010742 0.021220
1 0.353516 0.611406 0.013672 0.027851
1 0.344727 0.651194 0.019531 0.034483
1 0.502930 0.590186 0.017578 0.034483
1 0.827148 0.583554 0.016602 0.034483
1 0.908203 0.607427 0.021484 0.031830
1 0.831055 0.620690 0.020508 0.035809
1 0.992188 0.568966 0.013672 0.022546
1 0.913086 0.546419 0.013672 0.027851
1 0.774414 0.625995 0.017578 0.034483
1 0.184570 0.498674 0.017578 0.025199