1 0.515625 0.655930 0.109375 0.231332
1 0.742188 0.349927 0.063477 0.120059
1 0.892578 0.279649 0.058594 0.108346
1 0.841797 0.266471 0.033203 0.060029
1 0.790039 0.216691 0.028320 0.061493
1 0.495117 0.313324 0.064453 0.118594
1 0.353516 0.367496 0.048828 0.099561
1 0.937500 0.281113 0.032227 0.079063
1 0.962891 0.218155 0.035156 0.058565
1 0.546875 0.212299 0.025391 0.048316
1 0.489258 0.203514 0.037109 0.077599
1 0.430664 0.175695 0.018555 0.032211
1 0.519531 0.168375 0.017578 0.035139
1 0.824219 0.572474 0.096680 0.178624
1 0.018555 0.417277 0.038086 0.131772
1 0.811523 0.219619 0.017578 0.039531