0 0.056641 0.224340 0.070313 0.086510
0 0.189453 0.208211 0.065430 0.099707
0 0.314453 0.203812 0.068359 0.099707
0 0.405273 0.239003 0.061523 0.068915
0 0.457031 0.243402 0.062500 0.098240
0 0.706055 0.219941 0.060547 0.140762
0 0.845703 0.285924 0.071289 0.134897
0 0.896484 0.551320 0.078125 0.145161
0 0.808594 0.634897 0.083984 0.112903
0 0.610352 0.612903 0.071289 0.118768
0 0.523438 0.504399 0.068359 0.145161
0 0.348633 0.595308 0.088867 0.115836
0 0.139648 0.505865 0.073242 0.127566