1 0.019531 0.499259 0.028320 0.048889
1 0.109375 0.558519 0.023438 0.047407
1 0.174805 0.573333 0.022461 0.038519
1 0.245117 0.485926 0.024414 0.041481
1 0.299805 0.468148 0.025391 0.045926
1 0.375977 0.494815 0.024414 0.045926
1 0.440430 0.465185 0.022461 0.047407
1 0.549805 0.511111 0.022461 0.044444
1 0.661133 0.413333 0.028320 0.053333
1 0.704102 0.500741 0.021484 0.041481
1 0.763672 0.491852 0.021484 0.040000
1 0.832031 0.474074 0.025391 0.056296
1 0.942383 0.493333 0.025391 0.048889
1 0.500977 0.314074 0.033203 0.057778