1 0.941406 0.019097 0.017578 0.032986
1 0.896484 0.045139 0.013672 0.041667
1 0.909180 0.065972 0.017578 0.038194
1 0.916016 0.178819 0.020508 0.055556
1 0.989258 0.178819 0.014648 0.045139
1 0.960938 0.376736 0.024414 0.055556
1 0.842773 0.012153 0.016602 0.024306
1 0.848633 0.145833 0.018555 0.038194
1 0.793945 0.076389 0.016602 0.039931
1 0.814453 0.060764 0.011719 0.031250
1 0.828125 0.215278 0.018555 0.045139
1 0.777344 0.258681 0.016602 0.052083
1 0.757813 0.253472 0.018555 0.059028
1 0.741211 0.220486 0.017578 0.046875
1 0.760742 0.138889 0.016602 0.046875
1 0.730469 0.071181 0.015625 0.041667
1 0.673828 0.026042 0.017578 0.036458
1 0.688477 0.159722 0.019531 0.039931
1 0.633789 0.078125 0.016602 0.048611
1 0.652344 0.182292 0.019531 0.039931
1 0.583984 0.380208 0.022461 0.053819
1 0.590820 0.133681 0.017578 0.055556
1 0.554688 0.048611 0.019531 0.046875
1 0.568359 0.194444 0.018555 0.041667
1 0.541992 0.192708 0.019531 0.041667
1 0.500977 0.187500 0.021484 0.050347
1 0.517578 0.258681 0.022461 0.050347
1 0.475586 0.232639 0.021484 0.045139
1 0.449219 0.184028 0.056641 0.064236
1 0.781250 0.401042 0.020508 0.052083
1 0.634766 0.458333 0.045898 0.078125
1 0.509766 0.022569 0.018555 0.043403
1 0.021484 0.203125 0.016602 0.045139
1 0.064453 0.204861 0.017578 0.046875
1 0.098633 0.222222 0.016602 0.041667
1 0.156250 0.217014 0.016602 0.036458
1 0.153320 0.276042 0.016602 0.045139
1 0.182617 0.406250 0.020508 0.053819