1 0.187500 0.693108 0.012695 0.020806
1 0.214844 0.689207 0.011719 0.020806
1 0.261719 0.687906 0.011719 0.022107
1 0.315430 0.690507 0.012695 0.020806
1 0.356445 0.693108 0.009766 0.020806
1 0.586914 0.338101 0.019531 0.031209
1 0.708008 0.678804 0.012695 0.024707
1 0.762695 0.671001 0.015625 0.027308
1 0.807617 0.672302 0.012695 0.022107
1 0.860352 0.680104 0.013672 0.022107
1 0.873047 0.668401 0.014648 0.027308
1 0.761719 0.589077 0.014648 0.022107
1 0.926758 0.669701 0.018555 0.028609
1 0.972656 0.795839 0.020508 0.033810
1 0.983398 0.677503 0.016602 0.028609
1 0.729492 0.603381 0.010742 0.020806
1 0.166016 0.681404 0.014648 0.024707
1 0.663086 0.604681 0.011719 0.020806
1 0.652344 0.699610 0.014648 0.027308
1 0.929688 0.604681 0.013672 0.020806
1 0.968750 0.570871 0.013672 0.023407
1 0.968750 0.537061 0.011719 0.020806
1 0.120117 0.687906 0.012695 0.020806