1 0.265625 0.216832 0.025391 0.028713
1 0.439453 0.342574 0.033203 0.041584
1 0.477539 0.361386 0.043945 0.044554
1 0.174805 0.134653 0.017578 0.023762
1 0.377930 0.121782 0.018555 0.021782
1 0.434570 0.117822 0.018555 0.021782
1 0.517578 0.111881 0.018555 0.026733
1 0.573242 0.107921 0.019531 0.028713
1 0.711914 0.120792 0.017578 0.023762
1 0.790039 0.100000 0.023438 0.028713
1 0.771484 0.068317 0.020508 0.026733
1 0.944336 0.105941 0.018555 0.025743
1 0.436523 0.512871 0.046875 0.048515
1 0.871094 0.302970 0.036133 0.042574
1 0.988281 0.111881 0.010742 0.022772