1 0.134766 0.236417 0.039063 0.076358
1 0.234375 0.248164 0.033203 0.061674
1 0.273438 0.428781 0.032227 0.064611
1 0.160156 0.581498 0.032227 0.066079
1 0.191406 0.500734 0.035156 0.069016
1 0.319336 0.591777 0.038086 0.073421
1 0.339844 0.490455 0.033203 0.069016
1 0.354492 0.255507 0.033203 0.061674
1 0.469727 0.262849 0.034180 0.063142
1 0.391602 0.421439 0.030273 0.061674
1 0.439453 0.515419 0.032227 0.070485
1 0.499023 0.425844 0.033203 0.063142
1 0.540039 0.500734 0.033203 0.061674
1 0.460938 0.593245 0.033203 0.066079
1 0.512695 0.701909 0.041016 0.070485
1 0.615234 0.600587 0.033203 0.066079
1 0.788086 0.273128 0.037109 0.064611
1 0.686523 0.268722 0.036133 0.061674
1 0.716797 0.449339 0.029297 0.064611
1 0.748047 0.543319 0.037109 0.052863
1 0.733398 0.609398 0.036133 0.066079
1 0.662109 0.522761 0.031250 0.063142
1 0.606445 0.419971 0.033203 0.064611
1 0.579102 0.245228 0.033203 0.061674