1 0.958984 0.519174 0.042969 0.067847
1 0.872070 0.392330 0.014648 0.028024
1 0.833008 0.463127 0.024414 0.039823
1 0.786133 0.418879 0.020508 0.032448
1 0.774414 0.371681 0.010742 0.022124
1 0.743164 0.386431 0.012695 0.022124
1 0.763672 0.426254 0.012695 0.029499
1 0.718750 0.368732 0.011719 0.020649
1 0.709961 0.404130 0.013672 0.022124
1 0.680664 0.417404 0.023438 0.038348
1 0.725586 0.497050 0.030273 0.056047
1 0.577148 0.390855 0.015625 0.023599
1 0.534180 0.414454 0.024414 0.038348
1 0.432617 0.415929 0.013672 0.029499
1 0.502930 0.508850 0.045898 0.088496
1 0.363281 0.442478 0.027344 0.045723
1 0.317383 0.441003 0.041016 0.064897
1 0.249023 0.407080 0.025391 0.047198
1 0.190430 0.449853 0.032227 0.047198
1 0.170898 0.417404 0.015625 0.025074
1 0.139648 0.420354 0.009766 0.026549
1 0.146484 0.376106 0.008789 0.020649
1 0.091797 0.433628 0.030273 0.048673
1 0.063477 0.392330 0.012695 0.028024
1 0.025391 0.399705 0.011719 0.028024
1 0.012695 0.410029 0.012695 0.030973
1 0.003906 0.414454 0.008789 0.030973
1 0.059570 0.280236 0.009766 0.022124
1 0.005859 0.292035 0.008789 0.020649
1 0.777344 0.653392 0.057617 0.106195