1 0.009766 0.858073 0.019531 0.048177
1 0.122070 0.860677 0.027344 0.046875
1 0.156250 0.839844 0.025391 0.046875
1 0.269531 0.807292 0.017578 0.045573
1 0.386719 0.802083 0.021484 0.046875
1 0.873047 0.826823 0.013672 0.037760
1 0.030273 0.627604 0.014648 0.036458
1 0.118164 0.475260 0.018555 0.037760
1 0.023438 0.419271 0.014648 0.024740
1 0.110352 0.402344 0.010742 0.026042
1 0.143555 0.402344 0.015625 0.026042
1 0.185547 0.427083 0.009766 0.023438
1 0.232422 0.446615 0.015625 0.032552
1 0.319336 0.429688 0.017578 0.032552
1 0.316406 0.390625 0.012695 0.026042
1 0.369141 0.425781 0.012695 0.027344
1 0.282227 0.415365 0.010742 0.020833
1 0.250977 0.421875 0.009766 0.022135
1 0.411133 0.376302 0.015625 0.029948
1 0.417969 0.399740 0.014648 0.029948
1 0.541016 0.484375 0.014648 0.029948
1 0.563477 0.417969 0.015625 0.020833
1 0.615234 0.440104 0.014648 0.035156
1 0.432617 0.578125 0.018555 0.037760
1 0.763672 0.519531 0.017578 0.040365
1 0.787109 0.520833 0.019531 0.036458
1 0.712891 0.402344 0.015625 0.031250
1 0.763672 0.415365 0.017578 0.028646
1 0.892578 0.520833 0.009766 0.040365
1 0.963867 0.540365 0.010742 0.037760
1 0.962891 0.582031 0.011719 0.033854
1 0.965820 0.421875 0.014648 0.029948
1 0.908203 0.417969 0.012695 0.031250
1 0.890625 0.368490 0.014648 0.028646
1 0.804688 0.382813 0.012695 0.029948
1 0.844727 0.460938 0.015625 0.027344
1 0.787109 0.416667 0.013672 0.027344
1 0.862305 0.360677 0.009766 0.024740
1 0.985352 0.381510 0.010742 0.037760
1 0.313477 0.363281 0.014648 0.029948
1 0.893555 0.580729 0.010742 0.036458
1 0.833008 0.549479 0.014648 0.031250
1 0.386719 0.442708 0.018555 0.031250
1 0.427734 0.505208 0.020508 0.019531
1 0.848633 0.410156 0.016602 0.028646