1 0.094727 0.126280 0.030273 0.063140
1 0.207031 0.172355 0.027344 0.059727
1 0.323242 0.182594 0.030273 0.066553
1 0.450195 0.151877 0.030273 0.064846
1 0.549805 0.197952 0.025391 0.059727
1 0.671875 0.230375 0.029297 0.056314
1 0.722656 0.133106 0.029297 0.069966
1 0.775391 0.232082 0.030273 0.061433
1 0.725586 0.286689 0.033203 0.071672
1 0.636719 0.303754 0.028320 0.054608
1 0.555664 0.303754 0.030273 0.056314
1 0.459961 0.286689 0.030273 0.056314
1 0.431641 0.394198 0.030273 0.066553
1 0.520508 0.447099 0.030273 0.054608
1 0.461914 0.508532 0.035156 0.056314
1 0.581055 0.489761 0.034180 0.063140
1 0.608398 0.402730 0.031250 0.061433
1 0.677734 0.397611 0.031250 0.063140
1 0.749023 0.411263 0.031250 0.059727
1 0.657227 0.501706 0.029297 0.059727
1 0.723633 0.511945 0.031250 0.056314
1 0.808594 0.587031 0.031250 0.068259
1 0.875000 0.525597 0.031250 0.066553
1 0.122070 0.267918 0.032227 0.058020
1 0.211914 0.271331 0.029297 0.063140
1 0.292969 0.244027 0.032227 0.063140
1 0.375000 0.266212 0.032227 0.063140
1 0.096680 0.440273 0.031250 0.066553
1 0.191406 0.412969 0.032227 0.073379
1 0.277344 0.389078 0.032227 0.063140
1 0.363281 0.419795 0.032227 0.061433
1 0.159180 0.653584 0.036133 0.069966
1 0.273438 0.677474 0.037109 0.071672
1 0.291016 0.511945 0.031250 0.063140
1 0.375000 0.520478 0.030273 0.059727
1 0.399414 0.653584 0.036133 0.076792
1 0.488281 0.641638 0.033203 0.071672
1 0.931641 0.655290 0.032227 0.061433
1 0.788086 0.711604 0.030273 0.056314
1 0.707031 0.689420 0.031250 0.066553
1 0.596680 0.655290 0.036133 0.080205