1 0.162109 0.421669 0.028320 0.049780
1 0.247070 0.405564 0.028320 0.052709
1 0.321289 0.374817 0.028320 0.061493
1 0.421875 0.349927 0.027344 0.054173
1 0.520508 0.358712 0.030273 0.055637
1 0.608398 0.390922 0.030273 0.057101
1 0.680664 0.421669 0.029297 0.052709
1 0.757813 0.424597 0.028320 0.051245
1 0.833008 0.436310 0.026367 0.054173
1 0.217773 0.601757 0.031250 0.052709
1 0.297852 0.582723 0.026367 0.042460
1 0.357422 0.587116 0.028320 0.049780
1 0.446289 0.581259 0.030273 0.052709
1 0.527344 0.579795 0.030273 0.055637
1 0.599609 0.584187 0.029297 0.055637
1 0.685547 0.601757 0.027344 0.051245
1 0.776367 0.604685 0.028320 0.051245