1 0.958984 0.285156 0.022461 0.035156
1 0.878906 0.294271 0.021484 0.033854
1 0.827148 0.296875 0.021484 0.033854
1 0.661133 0.296875 0.022461 0.032552
1 0.551758 0.268229 0.023438 0.033854
1 0.587891 0.321615 0.044922 0.055990
1 0.458008 0.296875 0.020508 0.029948
1 0.418945 0.252604 0.022461 0.036458
1 0.385742 0.290365 0.023438 0.041667
1 0.361328 0.252604 0.020508 0.036458
1 0.326172 0.272135 0.025391 0.055990
1 0.306641 0.239583 0.020508 0.036458
1 0.185547 0.238281 0.023438 0.035156