1 0.818359 0.538799 0.072266 0.139092
1 0.619141 0.522694 0.051758 0.076135
1 0.500000 0.433382 0.040039 0.073206
1 0.538086 0.401171 0.026367 0.045388
1 0.428711 0.426061 0.030273 0.051245
1 0.396484 0.500732 0.057617 0.096633
1 0.191406 0.575403 0.072266 0.083455
1 0.099609 0.446559 0.036133 0.058565
1 0.272461 0.433382 0.014648 0.029283
1 0.247070 0.405564 0.025391 0.030747
1 0.300781 0.338214 0.011719 0.027818
1 0.338867 0.367496 0.011719 0.020498
1 0.145508 0.286969 0.020508 0.027818
1 0.375977 0.396779 0.029297 0.048316
1 0.450195 0.383602 0.026367 0.048316
1 0.568359 0.373353 0.021484 0.035139
1 0.533203 0.344070 0.014648 0.029283
1 0.432617 0.339678 0.008789 0.021962
1 0.626953 0.357247 0.014648 0.024890
1 0.646484 0.329429 0.011719 0.026354
1 0.756836 0.464129 0.025391 0.045388
1 0.707031 0.393851 0.025391 0.054173
1 0.724609 0.385066 0.016602 0.036603
1 0.730469 0.348463 0.013672 0.026354
1 0.759766 0.344070 0.013672 0.021962
1 0.800781 0.349927 0.017578 0.026354
1 0.739258 0.317716 0.011719 0.021962
1 0.816406 0.427526 0.041016 0.079063
1 0.932617 0.352855 0.018555 0.039531
1 0.836914 0.342606 0.012695 0.032211