1 0.841797 0.650073 0.078125 0.133236
1 0.812500 0.587116 0.046875 0.127379
1 0.723633 0.540264 0.041016 0.086384
1 0.093750 0.569546 0.091797 0.185944
1 0.275391 0.518302 0.066406 0.111274
1 0.339844 0.452416 0.048828 0.084919
1 0.189453 0.592972 0.041016 0.083455
1 0.085938 0.380673 0.052734 0.079063
1 0.229492 0.358712 0.045898 0.080527
1 0.287109 0.344070 0.039063 0.068814
1 0.395508 0.306003 0.033203 0.057101
1 0.111328 0.265007 0.038086 0.070278
1 0.056641 0.231332 0.027344 0.045388
1 0.544922 0.130307 0.023438 0.051245
1 0.370117 0.284041 0.032227 0.051245
1 0.309570 0.674963 0.066406 0.102489