1 0.814453 0.338542 0.013672 0.023438
1 0.772461 0.338542 0.015625 0.024740
1 0.655273 0.411458 0.016602 0.027344
1 0.625000 0.376302 0.017578 0.028646
1 0.666016 0.350260 0.020508 0.029948
1 0.562500 0.373698 0.014648 0.022135
1 0.511719 0.417969 0.016602 0.029948
1 0.541016 0.444010 0.017578 0.026042
1 0.496094 0.296875 0.012695 0.028646
1 0.517578 0.376302 0.022461 0.027344
1 0.535156 0.326823 0.014648 0.020833
1 0.467773 0.282552 0.013672 0.020833
1 0.543945 0.255208 0.010742 0.024740
1 0.576172 0.311198 0.012695 0.026042
1 0.558594 0.304688 0.011719 0.020833
1 0.615234 0.324219 0.018555 0.020833
1 0.106445 0.532552 0.030273 0.046875
1 0.116211 0.614583 0.028320 0.055990
1 0.192383 0.552083 0.030273 0.046875
1 0.395508 0.406250 0.033203 0.046875
1 0.432617 0.337240 0.018555 0.044271
1 0.513672 0.302083 0.013672 0.020833
1 0.629883 0.332031 0.013672 0.027344
1 0.681641 0.348958 0.016602 0.024740
1 0.704102 0.334635 0.016602 0.020833
1 0.684570 0.335938 0.012695 0.020833
1 0.711914 0.378906 0.015625 0.026042
1 0.731445 0.334635 0.014648 0.024740
1 0.595703 0.304688 0.012695 0.020833
1 0.664063 0.239583 0.015625 0.020833
1 0.713867 0.256510 0.011719 0.022135
1 0.491211 0.343750 0.013672 0.022135
1 0.552734 0.339844 0.013672 0.020833
1 0.593750 0.324219 0.013672 0.024740
1 0.467773 0.236979 0.010742 0.020833
1 0.408203 0.253906 0.010742 0.022135
0 0.084031 0.322777 0.046053 0.121803