1 0.777344 0.399590 0.025391 0.069672
1 0.763672 0.170082 0.024414 0.053279
1 0.864258 0.170082 0.025391 0.069672
1 0.659180 0.170082 0.024414 0.057377
1 0.660156 0.362705 0.025391 0.069672
1 0.564453 0.391393 0.025391 0.065574
1 0.576172 0.170082 0.023438 0.059426
1 0.494141 0.184426 0.024414 0.057377
1 0.434570 0.147541 0.023438 0.057377
1 0.369141 0.366803 0.023438 0.059426
1 0.492188 0.379098 0.024414 0.065574
1 0.613281 0.625000 0.027344 0.069672
1 0.703125 0.633197 0.027344 0.049180
1 0.353516 0.165984 0.021484 0.067623
1 0.285156 0.165984 0.021484 0.063525
1 0.196289 0.157787 0.027344 0.059426
1 0.232422 0.401639 0.030273 0.081967
1 0.134766 0.409836 0.026367 0.067623
1 0.106445 0.190574 0.027344 0.071721