1 0.791016 0.100260 0.009766 0.022135
1 0.804688 0.123698 0.011719 0.020833
1 0.338867 0.152344 0.066406 0.083333
1 0.100586 0.203125 0.019531 0.035156
1 0.513457 0.220463 0.011364 0.021924
1 0.541268 0.168697 0.010766 0.025579
1 0.528110 0.136419 0.010766 0.021924
1 0.536782 0.054202 0.011364 0.020706
1 0.726077 0.151644 0.011962 0.020706
1 0.848385 0.174178 0.012560 0.021924
1 0.469498 0.015225 0.010766 0.025579
1 0.601974 0.129720 0.013756 0.025579
1 0.832835 0.019488 0.011364 0.024361
1 0.862440 0.071255 0.011962 0.023143
1 0.567285 0.038977 0.010167 0.021924