0 0.053333 0.022005 0.055833 0.042787
0 0.324167 0.061125 0.054167 0.077017
0 0.256667 0.171149 0.052500 0.083130
1 0.423333 0.064792 0.043333 0.070905
0 0.345833 0.188264 0.064167 0.107579
0 0.063333 0.698044 0.119167 0.306846
1 0.590833 0.207824 0.036667 0.072127
1 0.551667 0.262836 0.056667 0.084352
0 0.493333 0.419315 0.072500 0.117359
0 0.687500 0.139364 0.055833 0.097800
0 0.826667 0.198044 0.045000 0.085575
0 0.779167 0.477995 0.071667 0.100244
0 0.933333 0.353301 0.057500 0.079462