0 0.266885 0.106719 0.025054 0.063241
0 0.236383 0.150198 0.039216 0.071146
0 0.164488 0.636364 0.078431 0.138340
0 0.337691 0.523715 0.062092 0.124506
0 0.420479 0.312253 0.054466 0.112648
0 0.403050 0.035573 0.019608 0.035573
0 0.457516 0.051383 0.018519 0.045455
0 0.556645 0.079051 0.031590 0.049407
0 0.543573 0.252964 0.052288 0.108696
0 0.570806 0.426877 0.064270 0.122530
0 0.653595 0.247036 0.057734 0.110672
1 0.750545 0.126482 0.030501 0.057312
0 0.812636 0.160079 0.035948 0.079051
0 0.788671 0.045455 0.027233 0.053360
0 0.852941 0.039526 0.033769 0.061265
0 0.900871 0.067194 0.033769 0.045455