1 0.613281 0.062419 0.023438 0.039012
1 0.656250 0.040312 0.027344 0.048114
1 0.713867 0.050715 0.024414 0.041612
1 0.763672 0.083225 0.024414 0.042913
1 0.811523 0.097529 0.016602 0.055917
1 0.583984 0.079324 0.031250 0.057217
1 0.564453 0.140442 0.032227 0.055917
1 0.526367 0.150845 0.033203 0.054616
1 0.411133 0.104031 0.036133 0.070221
1 0.529297 0.227568 0.043945 0.080624
1 0.507813 0.245774 0.041016 0.078023
1 0.767578 0.247074 0.032227 0.083225
1 0.954102 0.137841 0.036133 0.053316
1 0.352539 0.097529 0.038086 0.063719
1 0.354492 0.205462 0.046875 0.079324
1 0.319336 0.282185 0.042969 0.075423