1 0.063477 0.798408 0.013672 0.025199
1 0.134766 0.734748 0.006836 0.021220
1 0.142578 0.880637 0.038086 0.047745
1 0.093750 0.799735 0.015625 0.026525
1 0.178711 0.753316 0.018555 0.027851
1 0.219727 0.748011 0.017578 0.033156
1 0.247070 0.733422 0.017578 0.034483
1 0.265625 0.748011 0.019531 0.033156
1 0.289063 0.755968 0.023438 0.042440
1 0.260742 0.562334 0.016602 0.029178
1 0.324219 0.576923 0.016602 0.029178
1 0.374023 0.639257 0.019531 0.030504
1 0.369141 0.676393 0.021484 0.035809
1 0.414063 0.671088 0.016602 0.039788
1 0.442383 0.628647 0.012695 0.021220
1 0.442383 0.603448 0.012695 0.022546
1 0.465820 0.603448 0.015625 0.025199
1 0.470703 0.640584 0.024414 0.033156
1 0.443359 0.803714 0.046875 0.078249
1 0.527344 0.632626 0.024414 0.035809
1 0.603516 0.749337 0.046875 0.070292
1 0.575195 0.692308 0.030273 0.053050
1 0.605469 0.627321 0.022461 0.046419
1 0.545898 0.574271 0.012695 0.025199
1 0.530273 0.592838 0.020508 0.029178
1 0.698242 0.614058 0.035156 0.053050
1 0.795898 0.766578 0.079102 0.095491
1 0.845703 0.576923 0.038086 0.064987
1 0.925781 0.511936 0.022461 0.042440
1 0.936523 0.458886 0.026367 0.047745
1 0.888672 0.281167 0.023438 0.030504
1 0.576172 0.496021 0.015625 0.026525
1 0.483398 0.700265 0.025391 0.043767
1 0.960938 0.509284 0.040039 0.059682
1 0.961914 0.436340 0.025391 0.039788
1 0.610352 0.545093 0.016602 0.027851
1 0.562500 0.570292 0.018555 0.029178
1 0.581055 0.596817 0.018555 0.033156