1 0.568359 0.581395 0.030273 0.058140
1 0.347656 0.296512 0.014648 0.033430
1 0.374023 0.351744 0.018555 0.034884
1 0.409180 0.436047 0.020508 0.040698
1 0.379883 0.530523 0.025391 0.049419
1 0.437500 0.518895 0.023438 0.049419
1 0.487305 0.603198 0.023438 0.056686
1 0.503906 0.505814 0.021484 0.050872
1 0.331055 0.293605 0.016602 0.031977
1 0.631836 0.392442 0.020508 0.037791
1 0.674805 0.386628 0.021484 0.036337
1 0.626953 0.293605 0.012695 0.027616
1 0.573242 0.220930 0.011719 0.024709
1 0.668945 0.348837 0.014648 0.026163
1 0.502930 0.376453 0.013672 0.021802
1 0.009766 0.706395 0.019531 0.074128
1 0.081055 0.686047 0.041016 0.066860
1 0.247070 0.821221 0.033203 0.081395
1 0.337891 0.787791 0.041992 0.074128
1 0.460938 0.761628 0.032227 0.074128
1 0.572266 0.752907 0.027344 0.055233
1 0.172852 0.238372 0.015625 0.031977
1 0.226563 0.252907 0.016602 0.029070
1 0.659180 0.242733 0.013672 0.027616
1 0.701172 0.300872 0.011719 0.026163
1 0.713867 0.359012 0.013672 0.030523
1 0.744141 0.393895 0.018555 0.039244
1 0.744141 0.300872 0.012695 0.033430
1 0.767578 0.344477 0.015625 0.031977
1 0.783203 0.390988 0.020508 0.033430
1 0.808594 0.332849 0.013672 0.029070
1 0.789063 0.299419 0.014648 0.029070
1 0.689453 0.216570 0.013672 0.021802
1 0.727539 0.220930 0.011719 0.021802
1 0.770508 0.219477 0.011719 0.024709
1 0.230469 0.515988 0.026367 0.053779
1 0.240234 0.430233 0.024414 0.042151
1 0.242188 0.309593 0.019531 0.034884
1 0.478516 0.356105 0.017578 0.029070
1 0.495117 0.254360 0.013672 0.030523
1 0.535156 0.289244 0.016602 0.026163
1 0.536133 0.220930 0.013672 0.029070
1 0.578125 0.388081 0.018555 0.037791
1 0.562500 0.504360 0.024414 0.042151
1 0.274414 0.244186 0.015625 0.024709
1 0.319336 0.245640 0.016602 0.031977
1 0.339844 0.215116 0.014648 0.030523
1 0.378906 0.245640 0.016602 0.030523
1 0.396484 0.293605 0.017578 0.036337
1 0.435547 0.302326 0.014648 0.031977
1 0.437500 0.250000 0.015625 0.031977
1 0.082031 0.340116 0.024414 0.039244
1 0.079102 0.543605 0.034180 0.065407
1 0.483398 0.212209 0.014648 0.027616
1 0.264648 0.351744 0.018555 0.040698
1 0.329102 0.504360 0.028320 0.053779
1 0.306641 0.425872 0.021484 0.040698
1 0.352539 0.440407 0.021484 0.040698
1 0.135742 0.287791 0.020508 0.034884
1 0.071289 0.252907 0.020508 0.034884
1 0.059570 0.281977 0.022461 0.040698
1 0.119141 0.154070 0.016602 0.034884
1 0.146484 0.209302 0.013672 0.034884
1 0.198242 0.209302 0.014648 0.029070
1 0.010742 0.345930 0.021484 0.040698
1 0.049805 0.412791 0.028320 0.050872
1 0.179688 0.443314 0.022461 0.043605
1 0.327148 0.361919 0.015625 0.034884
1 0.232422 0.383721 0.016602 0.024709
1 0.465820 0.408430 0.020508 0.037791
1 0.616211 0.601744 0.026367 0.047965
1 0.619141 0.773256 0.028320 0.042151
1 0.706055 0.587209 0.025391 0.045058
1 0.708984 0.704942 0.032227 0.068314
1 0.761719 0.873547 0.041016 0.066860
1 0.761719 0.699128 0.028320 0.047965
1 0.734375 0.752907 0.027344 0.037791
1 0.808594 0.540698 0.026367 0.045058
1 0.818359 0.678779 0.028320 0.049419
1 0.952148 0.799419 0.033203 0.063953
1 0.853516 0.563953 0.025391 0.039244
1 0.915039 0.537791 0.028320 0.047965
1 0.974609 0.536337 0.026367 0.046512
1 0.860352 0.235465 0.014648 0.026163
1 0.871094 0.280523 0.017578 0.030523
1 0.829102 0.297965 0.012695 0.024709
1 0.851563 0.331395 0.016602 0.033430
1 0.890625 0.328488 0.016602 0.030523
1 0.959961 0.369186 0.016602 0.034884
1 0.388672 0.216570 0.015625 0.024709
1 0.717773 0.488372 0.020508 0.036337
1 0.759766 0.476744 0.022461 0.042151
1 0.815430 0.478198 0.021484 0.039244
1 0.875000 0.462209 0.021484 0.042151
1 0.981445 0.456395 0.026367 0.043605