1 0.990234 0.389344 0.018555 0.071038
1 0.991211 0.306011 0.017578 0.051913
1 0.975586 0.290984 0.016602 0.030055
1 0.937500 0.360656 0.048828 0.072404
1 0.912109 0.334699 0.036133 0.061475
1 0.892578 0.299180 0.028320 0.046448
1 0.829102 0.271858 0.027344 0.045082
1 0.796875 0.344262 0.040039 0.061475
1 0.773438 0.286885 0.029297 0.045082
1 0.732422 0.327869 0.035156 0.056011
1 0.708008 0.289617 0.023438 0.042350
1 0.681641 0.262295 0.026367 0.043716
1 0.642578 0.308743 0.030273 0.051913
1 0.575195 0.269126 0.021484 0.034153
1 0.540039 0.241803 0.032227 0.053279
1 0.497070 0.275956 0.029297 0.058743
1 0.456055 0.286885 0.035156 0.060109
1 0.414063 0.285519 0.034180 0.057377
1 0.369141 0.304645 0.034180 0.061475
1 0.311523 0.286885 0.041992 0.065574
1 0.199219 0.326503 0.041992 0.075137
1 0.012695 0.311475 0.025391 0.058743
1 0.332031 0.282787 0.025391 0.047814
1 0.231445 0.280055 0.018555 0.038251