1 0.908203 0.335938 0.036133 0.049479
1 0.860352 0.376302 0.033203 0.055990
1 0.798828 0.356771 0.031250 0.046875
1 0.717773 0.350260 0.031250 0.045573
1 0.754883 0.416667 0.032227 0.048177
1 0.659180 0.440104 0.029297 0.048177
1 0.629883 0.356771 0.028320 0.041667
1 0.576172 0.345052 0.028320 0.044271
1 0.561523 0.446615 0.033203 0.046875
1 0.493164 0.334635 0.028320 0.048177
1 0.454102 0.401042 0.037109 0.049479
1 0.390625 0.343750 0.029297 0.041667
1 0.337891 0.389323 0.034180 0.055990
1 0.297852 0.339844 0.031250 0.046875
1 0.231445 0.382813 0.034180 0.050781
1 0.204102 0.329427 0.030273 0.049479
1 0.119141 0.302083 0.031250 0.044271
1 0.125000 0.393229 0.033203 0.046875