0 0.790379 0.725669 0.098825 0.153168
1 0.834785 0.523514 0.077057 0.115611
1 0.447105 0.558785 0.078581 0.115611
0 0.520679 0.696930 0.102090 0.145656
0 0.957771 0.547681 0.058772 0.087524
0 0.186765 0.629001 0.083805 0.150555
0 0.076186 0.507185 0.056813 0.093076
0 0.266217 0.583932 0.045059 0.100588
0 0.351763 0.532332 0.051807 0.078054
0 0.390945 0.490856 0.056813 0.110712
0 0.518285 0.487263 0.060296 0.092750
0 0.566826 0.485957 0.040270 0.070542
0 0.613844 0.392880 0.029822 0.055193
0 0.726818 0.357609 0.041794 0.055193
1 0.298868 0.492162 0.040270 0.072828
0 0.121463 0.411822 0.033522 0.052907
0 0.373531 0.386675 0.045276 0.067929
1 0.472573 0.338668 0.033087 0.049641
0 0.515890 0.316460 0.014149 0.034291
0 0.642360 0.310255 0.016979 0.035271
0 0.423814 0.334422 0.022638 0.038537
0 0.253374 0.298171 0.018938 0.028413
0 0.684806 0.371326 0.035916 0.047028
0 0.578363 0.427172 0.031128 0.053886
0 0.914018 0.314500 0.020897 0.041150
0 0.957989 0.305356 0.021768 0.042456
0 0.781454 0.348465 0.018938 0.032658
0 0.937092 0.301764 0.018067 0.035271