0 0.385742 0.467014 0.056641 0.118056
0 0.381836 0.260417 0.079102 0.071181
0 0.646484 0.675347 0.060547 0.156250
0 0.579102 0.531250 0.039063 0.131944
0 0.695313 0.262153 0.025391 0.046875
0 0.264648 0.241319 0.030273 0.055556
1 0.083984 0.237847 0.020508 0.036458
1 0.508789 0.217014 0.027344 0.057292
1 0.753906 0.199653 0.019531 0.055556
1 0.577148 0.397569 0.038086 0.062500
0 0.892578 0.342014 0.025391 0.041667
1 0.933594 0.369792 0.038086 0.069444
1 0.939453 0.493056 0.027344 0.098958
1 0.965820 0.361111 0.031250 0.050347