0 0.017708 0.515741 0.023958 0.043519
0 0.076042 0.804630 0.022396 0.036111
0 0.074479 0.494444 0.025521 0.041667
0 0.138542 0.505556 0.025000 0.052778
1 0.118750 0.632407 0.025521 0.050000
1 0.166146 0.714815 0.020833 0.044444
0 0.134375 0.375000 0.024479 0.047222
0 0.184896 0.385185 0.012500 0.046296
1 0.146875 0.271296 0.021875 0.041667
0 0.092188 0.154630 0.017708 0.038889
0 0.273958 0.688889 0.028646 0.057407
0 0.339583 0.898148 0.032292 0.060185
0 0.303646 0.624074 0.026042 0.053704
1 0.298958 0.483333 0.018750 0.037963
0 0.276562 0.415741 0.020833 0.044444
0 0.372917 0.491667 0.019792 0.046296
0 0.393750 0.700926 0.028125 0.054630
0 0.429167 0.814815 0.028125 0.060185
0 0.397917 0.801852 0.030729 0.060185
0 0.482292 0.918519 0.018750 0.045370
0 0.492708 0.658333 0.028646 0.056481
0 0.475000 0.605556 0.031771 0.037037
0 0.452083 0.455556 0.025521 0.046296
0 0.360417 0.375000 0.026042 0.042593
0 0.232292 0.262037 0.021875 0.035185
1 0.221354 0.221296 0.019792 0.041667
1 0.278646 0.271296 0.022917 0.043519
1 0.314063 0.246296 0.019271 0.038889
0 0.383333 0.275926 0.022396 0.042593
0 0.361979 0.208333 0.024479 0.042593
0 0.276562 0.084259 0.017188 0.035185
0 0.314583 0.051852 0.015625 0.034259
0 0.340104 0.166667 0.019271 0.031481
0 0.416146 0.161111 0.019792 0.033333
0 0.255208 0.206481 0.017708 0.034259
0 0.439583 0.376852 0.025000 0.039815
0 0.474479 0.319444 0.021354 0.046296
0 0.507292 0.368519 0.021354 0.044444
0 0.518750 0.484259 0.020313 0.039815
0 0.632292 0.878704 0.031250 0.056481
0 0.677083 0.967593 0.035417 0.058333
0 0.623958 0.572222 0.026562 0.041667
0 0.631771 0.406481 0.023958 0.037963
0 0.562500 0.384259 0.024479 0.046296
0 0.581771 0.347222 0.019792 0.034259
0 0.586979 0.283333 0.019271 0.036111
0 0.530208 0.206481 0.019271 0.032407
0 0.330729 0.017593 0.014063 0.029630
1 0.420312 0.048148 0.013021 0.028704
0 0.451042 0.032407 0.018750 0.037963
0 0.519271 0.077778 0.016667 0.035185
0 0.564583 0.031481 0.015104 0.030556
0 0.652604 0.139815 0.019792 0.037037
1 0.675000 0.113889 0.016667 0.028704
0 0.664063 0.282407 0.018750 0.032407
0 0.700521 0.394444 0.020313 0.037963
0 0.731771 0.614815 0.029687 0.051852
0 0.728125 0.448148 0.022917 0.044444
0 0.751042 0.494444 0.025521 0.044444
0 0.764583 0.418519 0.022396 0.045370
0 0.760938 0.587963 0.021875 0.046296
0 0.708333 0.074074 0.014063 0.030556
0 0.669792 0.016667 0.017188 0.031481
0 0.734375 0.016667 0.010937 0.032407
0 0.769792 0.036111 0.013542 0.032407
1 0.770833 0.078704 0.015104 0.031481
1 0.743229 0.158333 0.016146 0.032407
0 0.810417 0.207407 0.020313 0.040741
0 0.865104 0.114815 0.019271 0.030556
1 0.876563 0.015741 0.013542 0.029630
0 0.910417 0.112037 0.018750 0.033333
0 0.895312 0.184259 0.019271 0.037037
0 0.890104 0.262037 0.020833 0.040741
0 0.857292 0.292593 0.019271 0.038889
0 0.911458 0.312037 0.021354 0.041667
0 0.952083 0.250926 0.013542 0.027778
0 0.923958 0.379630 0.022917 0.045370
0 0.956250 0.458333 0.026042 0.039815
0 0.967708 0.310185 0.019792 0.045370
0 0.858333 0.078704 0.013021 0.027778
0 0.989062 0.679630 0.021875 0.053704
0 0.988021 0.587037 0.023438 0.046296
0 0.940104 0.511111 0.020833 0.036111